% time	cellId	IMSI	frame	sframe	RNTI	mcsTb1	sizeTb1	mcsTb2	sizeTb2
0.018	1	0	2	9	1	0	81	0	0
0.87	1	1	88	1	1	28	2196	0	0
0.019	1	0	2	10	2	0	81	0	0
0.727	1	1	73	8	1	28	2196	0	0
0.02	1	0	3	1	3	0	81	0	0
0.571	1	1	58	2	1	28	2196	0	0
0.185	1	0	19	6	1	8	137	0	0
0.185	1	0	19	6	2	28	185	0	0
0.185	1	0	19	6	3	14	193	0	0
0.185	1	0	19	6	4	20	389	0	0
0.871	1	1	88	2	1	28	2196	0	0
0.728	1	1	73	9	1	28	2196	0	0
0.572	1	1	58	3	1	28	2196	0	0
0.186	1	0	19	7	1	8	209	0	0
0.186	1	0	19	7	2	28	185	0	0
0.186	1	0	19	7	3	14	125	0	0
0.186	1	0	19	7	5	22	349	0	0
0.021	1	0	3	2	1	0	81	0	0
0.729	1	1	73	10	1	28	2196	0	0
0.573	1	1	58	4	1	28	2196	0	0
0.022	1	0	3	3	2	0	81	0	0
0.187	1	0	19	8	1	8	173	0	0
0.187	1	0	19	8	2	28	185	0	0
0.187	1	0	19	8	3	14	193	0	0
0.187	1	0	19	8	4	20	293	0	0
0.73	1	1	74	1	1	28	2196	0	0
0.574	1	1	58	5	1	28	2196	0	0
0.023	1	0	3	4	4	0	81	0	0
0.731	1	1	74	2	1	28	2196	0	0
0.024	1	0	3	5	5	0	81	0	0
0.575	1	1	58	6	1	28	2196	0	0
0.188	1	0	19	9	1	8	173	0	0
0.188	1	0	19	9	2	28	185	0	0
0.188	1	0	19	9	3	14	193	0	0
0.188	1	0	19	9	5	22	349	0	0
0.025	1	0	3	6	3	0	81	0	0
0.872	1	1	88	3	1	28	2196	0	0
0.576	1	1	58	7	1	28	2196	0	0
0.732	1	1	74	3	1	28	2196	0	0
0.189	1	0	19	10	1	8	173	0	0
0.189	1	0	19	10	3	14	193	0	0
0.189	1	0	19	10	4	20	389	0	0
0.577	1	1	58	8	1	28	2196	0	0
0.733	1	1	74	4	1	28	2196	0	0
0.026	1	0	3	7	4	0	81	0	0
0.19	1	0	20	1	1	8	173	0	0
0.19	1	0	20	1	2	28	373	0	0
0.19	1	0	20	1	3	14	125	0	0
0.19	1	0	20	1	5	22	349	0	0
0.578	1	1	58	9	1	28	2196	0	0
0.734	1	1	74	5	1	28	2196	0	0
0.027	1	0	3	8	5	0	81	0	0
0.191	1	0	20	2	1	8	173	0	0
0.191	1	0	20	2	3	14	253	0	0
0.191	1	0	20	2	4	20	293	0	0
0.579	1	1	58	10	1	28	2196	0	0
0.873	1	1	88	4	1	28	2196	0	0
0.028	1	0	3	9	1	8	421	0	0
0.735	1	1	74	6	1	28	2196	0	0
0.58	1	1	59	1	1	28	2196	0	0
0.874	1	1	88	5	1	28	2196	0	0
0.029	1	0	3	10	2	28	2196	0	0
0.192	1	0	20	3	1	8	173	0	0
0.192	1	0	20	3	2	28	373	0	0
0.192	1	0	20	3	4	20	193	0	0
0.192	1	0	20	3	5	22	349	0	0
0.736	1	1	74	7	1	28	2196	0	0
0.581	1	1	59	2	1	28	2196	0	0
0.875	1	1	88	6	1	28	2196	0	0
0.03	1	0	4	1	3	14	775	0	0
0.193	1	0	20	4	1	8	173	0	0
0.193	1	0	20	4	3	14	317	0	0
0.193	1	0	20	4	4	20	193	0	0
0.737	1	1	74	8	1	28	2196	0	0
0.582	1	1	59	3	1	28	2196	0	0
0.876	1	1	88	7	1	28	2196	0	0
0.031	1	0	4	2	4	20	1191	0	0
0.738	1	1	74	9	1	28	2196	0	0
0.194	1	0	20	5	1	8	173	0	0
0.194	1	0	20	5	2	28	373	0	0
0.194	1	0	20	5	3	14	125	0	0
0.194	1	0	20	5	5	22	349	0	0
0.583	1	1	59	4	1	28	2196	0	0
0.032	1	0	4	3	5	22	1383	0	0
0.584	1	1	59	5	1	28	2196	0	0
0.739	1	1	74	10	1	28	2196	0	0
0.195	1	0	20	6	1	8	173	0	0
0.195	1	0	20	6	3	14	193	0	0
0.033	1	0	4	4	1	8	421	0	0
0.195	1	0	20	6	4	20	389	0	0
0.74	1	1	75	1	1	28	2196	0	0
0.585	1	1	59	6	1	28	2196	0	0
0.034	1	0	4	5	3	14	775	0	0
0.196	1	0	20	7	1	8	173	0	0
0.196	1	0	20	7	2	28	373	0	0
0.196	1	0	20	7	3	14	193	0	0
0.196	1	0	20	7	5	22	233	0	0
0.586	1	1	59	7	1	28	2196	0	0
0.741	1	1	75	2	1	28	2196	0	0
0.035	1	0	4	6	1	8	421	0	0
0.877	1	1	88	8	1	28	2196	0	0
0.197	1	0	20	8	1	8	173	0	0
0.197	1	0	20	8	3	14	125	0	0
0.197	1	0	20	8	4	20	293	0	0
0.197	1	0	20	8	5	22	233	0	0
0.587	1	1	59	8	1	28	2196	0	0
0.742	1	1	75	3	1	28	2196	0	0
0.036	1	0	4	7	4	20	1191	0	0
0.878	1	1	88	9	1	28	2196	0	0
0.588	1	1	59	9	1	28	2196	0	0
0.198	1	0	20	9	1	8	173	0	0
0.198	1	0	20	9	2	28	373	0	0
0.198	1	0	20	9	3	14	253	0	0
0.198	1	0	20	9	4	20	97	0	0
0.037	1	0	4	8	1	8	421	0	0
0.743	1	1	75	4	1	28	2196	0	0
0.879	1	1	88	10	1	28	2196	0	0
0.589	1	1	59	10	1	28	2196	0	0
0.038	1	0	4	9	5	22	1383	0	0
0.199	1	0	20	10	1	8	209	0	0
0.199	1	0	20	10	4	20	293	0	0
0.199	1	0	20	10	5	22	349	0	0
0.88	1	1	89	1	1	28	2196	0	0
0.744	1	1	75	5	1	28	2196	0	0
0.59	1	1	60	1	1	28	2196	0	0
0.039	1	0	4	10	3	14	775	0	0
0.745	1	1	75	6	1	28	2196	0	0
0.2	1	0	21	1	1	8	173	0	0
0.2	1	0	21	1	2	28	373	0	0
0.2	1	0	21	1	3	14	317	0	0
0.591	1	1	60	2	1	28	2196	0	0
0.04	1	0	5	1	1	8	421	0	0
0.746	1	1	75	7	1	28	2196	0	0
0.592	1	1	60	3	1	28	2196	0	0
0.201	1	0	21	2	1	8	101	0	0
0.201	1	0	21	2	3	14	193	0	0
0.201	1	0	21	2	4	20	293	0	0
0.201	1	0	21	2	5	22	349	0	0
0.041	1	0	5	2	2	28	2196	0	0
0.593	1	1	60	4	1	28	2196	0	0
0.747	1	1	75	8	1	28	2196	0	0
0.042	1	0	5	3	1	8	421	0	0
0.202	1	0	21	3	1	8	241	0	0
0.202	1	0	21	3	2	28	373	0	0
0.202	1	0	21	3	3	14	61	0	0
0.202	1	0	21	3	4	20	193	0	0
0.594	1	1	60	5	1	28	2196	0	0
0.748	1	1	75	9	1	28	2196	0	0
0.881	1	1	89	2	1	28	2196	0	0
0.043	1	0	5	4	3	14	775	0	0
0.203	1	0	21	4	1	8	173	0	0
0.203	1	0	21	4	3	14	253	0	0
0.203	1	0	21	4	5	22	349	0	0
0.595	1	1	60	6	1	28	2196	0	0
0.882	1	1	89	3	1	28	2196	0	0
0.749	1	1	75	10	1	28	2196	0	0
0.044	1	0	5	5	4	20	1191	0	0
0.596	1	1	60	7	1	28	2196	0	0
0.75	1	1	76	1	1	28	2196	0	0
0.204	1	0	21	5	1	8	137	0	0
0.045	1	0	5	6	1	8	421	0	0
0.204	1	0	21	5	2	28	185	0	0
0.204	1	0	21	5	3	14	193	0	0
0.204	1	0	21	5	4	20	389	0	0
0.597	1	1	60	8	1	28	2196	0	0
0.046	1	0	5	7	5	22	1383	0	0
0.751	1	1	76	2	1	28	2196	0	0
0.205	1	0	21	6	1	8	209	0	0
0.205	1	0	21	6	3	14	193	0	0
0.205	1	0	21	6	5	22	349	0	0
0.598	1	1	60	9	1	28	2196	0	0
0.047	1	0	5	8	1	8	421	0	0
0.752	1	1	76	3	1	28	2196	0	0
0.599	1	1	60	10	1	28	2196	0	0
0.206	1	0	21	7	1	8	173	0	0
0.206	1	0	21	7	2	28	373	0	0
0.206	1	0	21	7	3	14	125	0	0
0.206	1	0	21	7	4	20	293	0	0
0.048	1	0	5	9	3	14	775	0	0
0.753	1	1	76	4	1	28	2196	0	0
0.6	1	1	61	1	1	28	2196	0	0
0.883	1	1	89	4	1	28	2196	0	0
0.049	1	0	5	10	1	8	421	0	0
0.207	1	0	21	8	1	8	173	0	0
0.207	1	0	21	8	3	14	193	0	0
0.207	1	0	21	8	4	20	97	0	0
0.207	1	0	21	8	5	22	349	0	0
0.754	1	1	76	5	1	28	2196	0	0
0.884	1	1	89	5	1	28	2196	0	0
0.601	1	1	61	2	1	28	2196	0	0
0.208	1	0	21	9	1	8	137	0	0
0.208	1	0	21	9	2	28	373	0	0
0.208	1	0	21	9	3	14	193	0	0
0.208	1	0	21	9	4	20	293	0	0
0.05	1	0	6	1	4	20	1191	0	0
0.602	1	1	61	3	1	28	2196	0	0
0.885	1	1	89	6	1	28	2196	0	0
0.755	1	1	76	6	1	28	2196	0	0
0.209	1	0	21	10	1	8	209	0	0
0.209	1	0	21	10	3	14	193	0	0
0.209	1	0	21	10	5	22	349	0	0
0.051	1	0	6	2	1	8	421	0	0
0.603	1	1	61	4	1	28	2196	0	0
0.756	1	1	76	7	1	28	2196	0	0
0.052	1	0	6	3	3	14	775	0	0
0.604	1	1	61	5	1	28	2196	0	0
0.21	1	0	22	1	1	8	173	0	0
0.21	1	0	22	1	2	28	373	0	0
0.21	1	0	22	1	3	14	61	0	0
0.21	1	0	22	1	4	20	389	0	0
0.757	1	1	76	8	1	28	2196	0	0
0.053	1	0	6	4	5	22	1383	0	0
0.605	1	1	61	6	1	28	2196	0	0
0.758	1	1	76	9	1	28	2196	0	0
0.211	1	0	22	2	1	8	173	0	0
0.211	1	0	22	2	3	14	253	0	0
0.211	1	0	22	2	5	22	349	0	0
0.054	1	0	6	5	2	28	2196	0	0
0.606	1	1	61	7	1	28	2196	0	0
0.886	1	1	89	7	1	28	2196	0	0
0.055	1	0	6	6	1	8	421	0	0
0.759	1	1	76	10	1	28	2196	0	0
0.212	1	0	22	3	1	8	137	0	0
0.212	1	0	22	3	2	28	373	0	0
0.212	1	0	22	3	3	14	193	0	0
0.212	1	0	22	3	4	20	293	0	0
0.607	1	1	61	8	1	28	2196	0	0
0.056	1	0	6	7	3	14	775	0	0
0.887	1	1	89	8	1	28	2196	0	0
0.76	1	1	77	1	1	28	2196	0	0
0.608	1	1	61	9	1	28	2196	0	0
0.213	1	0	22	4	1	8	209	0	0
0.213	1	0	22	4	3	14	193	0	0
0.213	1	0	22	4	5	22	349	0	0
0.888	1	1	89	9	1	28	2196	0	0
0.057	1	0	6	8	1	8	421	0	0
0.761	1	1	77	2	1	28	2196	0	0
0.609	1	1	61	10	1	28	2196	0	0
0.214	1	0	22	5	1	8	209	0	0
0.058	1	0	6	9	4	20	1191	0	0
0.214	1	0	22	5	2	28	373	0	0
0.214	1	0	22	5	4	20	389	0	0
0.889	1	1	89	10	1	28	2196	0	0
0.61	1	1	62	1	1	28	2196	0	0
0.762	1	1	77	3	1	28	2196	0	0
0.059	1	0	6	10	1	8	421	0	0
0.215	1	0	22	6	1	8	101	0	0
0.215	1	0	22	6	3	14	389	0	0
0.215	1	0	22	6	5	22	349	0	0
0.611	1	1	62	2	1	28	2196	0	0
0.06	1	0	7	1	3	14	775	0	0
0.763	1	1	77	4	1	28	2196	0	0
0.612	1	1	62	3	1	28	2196	0	0
0.216	1	0	22	7	1	8	241	0	0
0.216	1	0	22	7	2	28	373	0	0
0.216	1	0	22	7	4	20	293	0	0
0.764	1	1	77	5	1	28	2196	0	0
0.061	1	0	7	2	5	22	1383	0	0
0.613	1	1	62	4	1	28	2196	0	0
0.217	1	0	22	8	1	8	67	0	0
0.217	1	0	22	8	3	14	317	0	0
0.217	1	0	22	8	4	20	193	0	0
0.217	1	0	22	8	5	22	349	0	0
0.765	1	1	77	6	1	28	2196	0	0
0.614	1	1	62	5	1	28	2196	0	0
0.062	1	0	7	3	1	8	421	0	0
0.89	1	1	90	1	1	28	2196	0	0
0.766	1	1	77	7	1	28	2196	0	0
0.218	1	0	22	9	1	8	277	0	0
0.218	1	0	22	9	2	28	373	0	0
0.218	1	0	22	9	5	22	233	0	0
0.615	1	1	62	6	1	28	2196	0	0
0.891	1	1	90	2	1	28	2196	0	0
0.063	1	0	7	4	4	20	1191	0	0
0.219	1	0	22	10	1	8	101	0	0
0.219	1	0	22	10	3	14	317	0	0
0.219	1	0	22	10	4	20	389	0	0
0.616	1	1	62	7	1	28	2196	0	0
0.767	1	1	77	8	1	28	2196	0	0
0.892	1	1	90	3	1	28	2196	0	0
0.064	1	0	7	5	1	8	421	0	0
0.768	1	1	77	9	1	28	2196	0	0
0.617	1	1	62	8	1	28	2196	0	0
0.893	1	1	90	4	1	28	2196	0	0
0.22	1	0	23	1	1	8	241	0	0
0.22	1	0	23	1	2	28	185	0	0
0.22	1	0	23	1	3	14	61	0	0
0.22	1	0	23	1	5	22	349	0	0
0.618	1	1	62	9	1	28	2196	0	0
0.065	1	0	7	6	3	14	775	0	0
0.769	1	1	77	10	1	28	2196	0	0
0.221	1	0	23	2	1	8	101	0	0
0.221	1	0	23	2	2	28	185	0	0
0.221	1	0	23	2	3	14	317	0	0
0.221	1	0	23	2	4	20	293	0	0
0.066	1	0	7	7	2	28	2196	0	0
0.619	1	1	62	10	1	28	2196	0	0
0.77	1	1	78	1	1	28	2196	0	0
0.222	1	0	23	3	1	8	241	0	0
0.222	1	0	23	3	2	28	185	0	0
0.222	1	0	23	3	4	20	97	0	0
0.222	1	0	23	3	5	22	349	0	0
0.62	1	1	63	1	1	28	2196	0	0
0.067	1	0	7	8	1	8	421	0	0
0.771	1	1	78	2	1	28	2196	0	0
0.223	1	0	23	4	1	8	137	0	0
0.223	1	0	23	4	3	14	317	0	0
0.223	1	0	23	4	4	20	293	0	0
0.621	1	1	63	2	1	28	2196	0	0
0.068	1	0	7	9	1	8	421	0	0
0.772	1	1	78	3	1	28	2196	0	0
0.894	1	1	90	5	1	28	2196	0	0
0.622	1	1	63	3	1	28	2196	0	0
0.224	1	0	23	5	1	8	209	0	0
0.224	1	0	23	5	2	28	373	0	0
0.224	1	0	23	5	3	14	61	0	0
0.224	1	0	23	5	5	22	349	0	0
0.069	1	0	7	10	5	22	1383	0	0
0.895	1	1	90	6	1	28	2196	0	0
0.773	1	1	78	4	1	28	2196	0	0
0.623	1	1	63	4	1	28	2196	0	0
0.225	1	0	23	6	1	8	137	0	0
0.225	1	0	23	6	3	14	317	0	0
0.225	1	0	23	6	4	20	293	0	0
0.896	1	1	90	7	1	28	2196	0	0
0.624	1	1	63	5	1	28	2196	0	0
0.07	1	0	8	1	3	14	775	0	0
0.774	1	1	78	5	1	28	2196	0	0
0.897	1	1	90	8	1	28	2196	0	0
0.226	1	0	23	7	1	8	209	0	0
0.226	1	0	23	7	2	28	373	0	0
0.226	1	0	23	7	4	20	97	0	0
0.226	1	0	23	7	5	22	349	0	0
0.625	1	1	63	6	1	28	2196	0	0
0.071	1	0	8	2	4	20	1191	0	0
0.775	1	1	78	6	1	28	2196	0	0
0.898	1	1	90	9	1	28	2196	0	0
0.626	1	1	63	7	1	28	2196	0	0
0.227	1	0	23	8	1	8	137	0	0
0.227	1	0	23	8	3	14	317	0	0
0.227	1	0	23	8	4	20	293	0	0
0.072	1	0	8	3	1	8	421	0	0
0.776	1	1	78	7	1	28	2196	0	0
0.627	1	1	63	8	1	28	2196	0	0
0.228	1	0	23	9	1	8	209	0	0
0.228	1	0	23	9	2	28	373	0	0
0.228	1	0	23	9	3	14	61	0	0
0.228	1	0	23	9	5	22	349	0	0
0.777	1	1	78	8	1	28	2196	0	0
0.073	1	0	8	4	1	8	421	0	0
0.628	1	1	63	9	1	28	2196	0	0
0.778	1	1	78	9	1	28	2196	0	0
0.229	1	0	23	10	1	8	137	0	0
0.229	1	0	23	10	3	14	317	0	0
0.229	1	0	23	10	4	20	293	0	0
0.074	1	0	8	5	3	14	775	0	0
0.629	1	1	63	10	1	28	2196	0	0
0.779	1	1	78	10	1	28	2196	0	0
0.63	1	1	64	1	1	28	2196	0	0
0.075	1	0	8	6	1	8	421	0	0
0.23	1	0	24	1	1	8	209	0	0
0.23	1	0	24	1	2	28	373	0	0
0.23	1	0	24	1	4	20	193	0	0
0.23	1	0	24	1	5	22	233	0	0
0.899	1	1	90	10	1	28	2196	0	0
0.78	1	1	79	1	1	28	2196	0	0
0.631	1	1	64	2	1	28	2196	0	0
0.076	1	0	8	7	5	22	1383	0	0
0.231	1	0	24	2	1	8	173	0	0
0.231	1	0	24	2	3	14	317	0	0
0.231	1	0	24	2	5	22	233	0	0
0.781	1	1	79	2	1	28	2196	0	0
0.632	1	1	64	3	1	28	2196	0	0
0.077	1	0	8	8	4	20	1191	0	0
0.782	1	1	79	3	1	28	2196	0	0
0.232	1	0	24	3	1	8	173	0	0
0.232	1	0	24	3	2	28	373	0	0
0.232	1	0	24	3	3	14	61	0	0
0.232	1	0	24	3	4	20	389	0	0
0.633	1	1	64	4	1	28	2196	0	0
0.783	1	1	79	4	1	28	2196	0	0
0.078	1	0	8	9	2	28	2196	0	0
0.233	1	0	24	4	1	8	173	0	0
0.233	1	0	24	4	3	14	253	0	0
0.233	1	0	24	4	5	22	349	0	0
0.784	1	1	79	5	1	28	2196	0	0
0.079	1	0	8	10	1	8	421	0	0
0.634	1	1	64	5	1	28	2196	0	0
0.785	1	1	79	6	1	28	2196	0	0
0.234	1	0	24	5	1	8	173	0	0
0.234	1	0	24	5	2	28	185	0	0
0.234	1	0	24	5	3	14	193	0	0
0.234	1	0	24	5	4	20	293	0	0
0.635	1	1	64	6	1	28	2196	0	0
0.08	1	0	9	1	3	14	775	0	0
0.786	1	1	79	7	1	28	2196	0	0
0.235	1	0	24	6	1	8	173	0	0
0.235	1	0	24	6	2	28	185	0	0
0.235	1	0	24	6	3	14	193	0	0
0.235	1	0	24	6	5	22	349	0	0
0.636	1	1	64	7	1	28	2196	0	0
0.081	1	0	9	2	1	8	421	0	0
0.787	1	1	79	8	1	28	2196	0	0
0.236	1	0	24	7	1	8	209	0	0
0.236	1	0	24	7	2	28	185	0	0
0.236	1	0	24	7	3	14	61	0	0
0.236	1	0	24	7	4	20	389	0	0
0.788	1	1	79	9	1	28	2196	0	0
0.082	1	0	9	3	3	14	775	0	0
0.637	1	1	64	8	1	28	2196	0	0
0.789	1	1	79	10	1	28	2196	0	0
0.237	1	0	24	8	1	8	101	0	0
0.237	1	0	24	8	2	28	185	0	0
0.237	1	0	24	8	3	14	317	0	0
0.237	1	0	24	8	5	22	349	0	0
0.638	1	1	64	9	1	28	2196	0	0
0.083	1	0	9	4	1	8	421	0	0
0.79	1	1	80	1	1	28	2196	0	0
0.238	1	0	24	9	1	8	241	0	0
0.238	1	0	24	9	2	28	185	0	0
0.238	1	0	24	9	4	20	389	0	0
0.084	1	0	9	5	4	20	1191	0	0
0.639	1	1	64	10	1	28	2196	0	0
0.791	1	1	80	2	1	28	2196	0	0
0.792	1	1	80	3	1	28	2196	0	0
0.239	1	0	24	10	1	8	137	0	0
0.239	1	0	24	10	3	14	317	0	0
0.239	1	0	24	10	5	22	349	0	0
0.64	1	1	65	1	1	28	2196	0	0
0.085	1	0	9	6	5	22	1383	0	0
0.793	1	1	80	4	1	28	2196	0	0
0.24	1	0	25	1	1	8	209	0	0
0.24	1	0	25	1	2	28	373	0	0
0.24	1	0	25	1	3	14	61	0	0
0.24	1	0	25	1	4	20	293	0	0
0.641	1	1	65	2	1	28	2196	0	0
0.794	1	1	80	5	1	28	2196	0	0
0.086	1	0	9	7	1	8	421	0	0
0.642	1	1	65	3	1	28	2196	0	0
0.241	1	0	25	2	1	8	137	0	0
0.241	1	0	25	2	3	14	317	0	0
0.241	1	0	25	2	5	22	349	0	0
0.795	1	1	80	6	1	28	2196	0	0
0.087	1	0	9	8	3	14	775	0	0
0.796	1	1	80	7	1	28	2196	0	0
0.242	1	0	25	3	1	8	209	0	0
0.242	1	0	25	3	2	28	373	0	0
0.242	1	0	25	3	4	20	389	0	0
0.643	1	1	65	4	1	28	2196	0	0
0.088	1	0	9	9	1	8	421	0	0
0.797	1	1	80	8	1	28	2196	0	0
0.644	1	1	65	5	1	28	2196	0	0
0.243	1	0	25	4	1	8	137	0	0
0.243	1	0	25	4	3	14	317	0	0
0.243	1	0	25	4	5	22	349	0	0
0.798	1	1	80	9	1	28	2196	0	0
0.089	1	0	9	10	2	28	2196	0	0
0.799	1	1	80	10	1	28	2196	0	0
0.645	1	1	65	6	1	28	2196	0	0
0.09	1	0	10	1	4	20	1191	0	0
0.8	1	1	81	1	1	28	2196	0	0
0.646	1	1	65	7	1	28	2196	0	0
0.801	1	1	81	2	1	28	2196	0	0
0.091	1	0	10	2	1	8	421	0	0
0.647	1	1	65	8	1	28	2196	0	0
0.802	1	1	81	3	1	28	2196	0	0
0.244	1	0	25	5	1	8	209	0	0
0.244	1	0	25	5	2	28	373	0	0
0.244	1	0	25	5	3	14	61	0	0
0.244	1	0	25	5	4	20	293	0	0
0.648	1	1	65	9	1	28	2196	0	0
0.092	1	0	10	3	3	14	775	0	0
0.803	1	1	81	4	1	28	2196	0	0
0.245	1	0	25	6	1	8	137	0	0
0.245	1	0	25	6	3	14	317	0	0
0.245	1	0	25	6	5	22	349	0	0
0.804	1	1	81	5	1	28	2196	0	0
0.093	1	0	10	4	5	22	1383	0	0
0.649	1	1	65	10	1	28	2196	0	0
0.805	1	1	81	6	1	28	2196	0	0
0.65	1	1	66	1	1	28	2196	0	0
0.094	1	0	10	5	1	8	421	0	0
0.806	1	1	81	7	1	28	2196	0	0
0.807	1	1	81	8	1	28	2196	0	0
0.651	1	1	66	2	1	28	2196	0	0
0.095	1	0	10	6	1	8	421	0	0
0.246	1	0	25	7	1	8	209	0	0
0.808	1	1	81	9	1	28	2196	0	0
0.246	1	0	25	7	2	28	373	0	0
0.246	1	0	25	7	4	20	389	0	0
0.652	1	1	66	3	1	28	2196	0	0
0.096	1	0	10	7	3	14	775	0	0
0.809	1	1	81	10	1	28	2196	0	0
0.653	1	1	66	4	1	28	2196	0	0
0.81	1	1	82	1	1	28	2196	0	0
0.097	1	0	10	8	4	20	1191	0	0
0.654	1	1	66	5	1	28	2196	0	0
0.811	1	1	82	2	1	28	2196	0	0
0.098	1	0	10	9	1	8	421	0	0
0.812	1	1	82	3	1	28	2196	0	0
0.655	1	1	66	6	1	28	2196	0	0
0.813	1	1	82	4	1	28	2196	0	0
0.099	1	0	10	10	5	22	1383	0	0
0.247	1	0	25	8	1	8	137	0	0
0.247	1	0	25	8	3	14	317	0	0
0.247	1	0	25	8	5	22	349	0	0
0.656	1	1	66	7	1	28	2196	0	0
0.814	1	1	82	5	1	28	2196	0	0
0.1	1	0	11	1	1	8	421	0	0
0.248	1	0	25	9	1	8	209	0	0
0.248	1	0	25	9	2	28	373	0	0
0.248	1	0	25	9	3	14	61	0	0
0.248	1	0	25	9	4	20	293	0	0
0.815	1	1	82	6	1	28	2196	0	0
0.657	1	1	66	8	1	28	2196	0	0
0.816	1	1	82	7	1	28	2196	0	0
0.101	1	0	11	2	3	14	775	0	0
0.658	1	1	66	9	1	28	2196	0	0
0.817	1	1	82	8	1	28	2196	0	0
0.102	1	0	11	3	2	28	2196	0	0
0.659	1	1	66	10	1	28	2196	0	0
0.818	1	1	82	9	1	28	2196	0	0
0.103	1	0	11	4	1	8	421	0	0
0.66	1	1	67	1	1	28	2196	0	0
0.819	1	1	82	10	1	28	2196	0	0
0.249	1	0	25	10	1	8	67	0	0
0.249	1	0	25	10	3	14	317	0	0
0.249	1	0	25	10	4	20	193	0	0
0.249	1	0	25	10	5	22	349	0	0
0.82	1	1	83	1	1	28	2196	0	0
0.661	1	1	67	2	1	28	2196	0	0
0.104	1	0	11	5	4	20	1191	0	0
0.25	1	0	26	1	1	8	277	0	0
0.25	1	0	26	1	2	28	373	0	0
0.25	1	0	26	1	4	20	193	0	0
0.662	1	1	67	3	1	28	2196	0	0
0.821	1	1	83	2	1	28	2196	0	0
0.105	1	0	11	6	3	14	775	0	0
0.822	1	1	83	3	1	28	2196	0	0
0.663	1	1	67	4	1	28	2196	0	0
0.664	1	1	67	5	1	28	2196	0	0
0.823	1	1	83	4	1	28	2196	0	0
0.106	1	0	11	7	1	8	421	0	0
0.824	1	1	83	5	1	28	2196	0	0
0.665	1	1	67	6	1	28	2196	0	0
0.251	1	0	26	2	1	8	137	0	0
0.251	1	0	26	2	3	14	317	0	0
0.251	1	0	26	2	5	22	349	0	0
0.107	1	0	11	8	1	8	421	0	0
0.825	1	1	83	6	1	28	2196	0	0
0.666	1	1	67	7	1	28	2196	0	0
0.826	1	1	83	7	1	28	2196	0	0
0.252	1	0	26	3	1	8	209	0	0
0.252	1	0	26	3	2	28	185	0	0
0.252	1	0	26	3	3	14	61	0	0
0.252	1	0	26	3	4	20	389	0	0
0.108	1	0	11	9	5	22	1383	0	0
0.667	1	1	67	8	1	28	2196	0	0
0.827	1	1	83	8	1	28	2196	0	0
0.668	1	1	67	9	1	28	2196	0	0
0.109	1	0	11	10	3	14	775	0	0
0.828	1	1	83	9	1	28	2196	0	0
0.669	1	1	67	10	1	28	2196	0	0
0.829	1	1	83	10	1	28	2196	0	0
0.11	1	0	12	1	1	8	421	0	0
0.83	1	1	84	1	1	28	2196	0	0
0.67	1	1	68	1	1	28	2196	0	0
0.253	1	0	26	4	1	8	137	0	0
0.253	1	0	26	4	3	14	317	0	0
0.253	1	0	26	4	5	22	349	0	0
0.831	1	1	84	2	1	28	2196	0	0
0.111	1	0	12	2	4	20	1191	0	0
0.671	1	1	68	2	1	28	2196	0	0
0.832	1	1	84	3	1	28	2196	0	0
0.254	1	0	26	5	1	8	241	0	0
0.254	1	0	26	5	2	28	373	0	0
0.254	1	0	26	5	4	20	293	0	0
0.672	1	1	68	3	1	28	2196	0	0
0.833	1	1	84	4	1	28	2196	0	0
0.112	1	0	12	3	1	8	421	0	0
0.834	1	1	84	5	1	28	2196	0	0
0.673	1	1	68	4	1	28	2196	0	0
0.113	1	0	12	4	3	14	775	0	0
0.835	1	1	84	6	1	28	2196	0	0
0.674	1	1	68	5	1	28	2196	0	0
0.836	1	1	84	7	1	28	2196	0	0
0.114	1	0	12	5	2	28	2196	0	0
0.675	1	1	68	6	1	28	2196	0	0
0.255	1	0	26	6	1	8	32	0	0
0.255	1	0	26	6	3	14	389	0	0
0.255	1	0	26	6	4	20	193	0	0
0.255	1	0	26	6	5	22	349	0	0
0.837	1	1	84	8	1	28	2196	0	0
0.676	1	1	68	7	1	28	2196	0	0
0.838	1	1	84	9	1	28	2196	0	0
0.115	1	0	12	6	1	8	421	0	0
0.677	1	1	68	8	1	28	2196	0	0
0.839	1	1	84	10	1	28	2196	0	0
0.678	1	1	68	9	1	28	2196	0	0
0.116	1	0	12	7	5	22	1383	0	0
0.84	1	1	85	1	1	28	2196	0	0
0.679	1	1	68	10	1	28	2196	0	0
0.841	1	1	85	2	1	28	2196	0	0
0.256	1	0	26	7	1	8	317	0	0
0.256	1	0	26	7	2	28	373	0	0
0.256	1	0	26	7	4	20	97	0	0
0.68	1	1	69	1	1	28	2196	0	0
0.842	1	1	85	3	1	28	2196	0	0
0.117	1	0	12	8	1	8	421	0	0
0.257	1	0	26	8	1	8	32	0	0
0.257	1	0	26	8	3	14	317	0	0
0.257	1	0	26	8	4	20	293	0	0
0.257	1	0	26	8	5	22	349	0	0
0.681	1	1	69	2	1	28	2196	0	0
0.843	1	1	85	4	1	28	2196	0	0
0.118	1	0	12	9	4	20	1191	0	0
0.844	1	1	85	5	1	28	2196	0	0
0.682	1	1	69	3	1	28	2196	0	0
0.845	1	1	85	6	1	28	2196	0	0
0.119	1	0	12	10	3	14	775	0	0
0.683	1	1	69	4	1	28	2196	0	0
0.846	1	1	85	7	1	28	2196	0	0
0.684	1	1	69	5	1	28	2196	0	0
0.12	1	0	13	1	1	8	421	0	0
0.847	1	1	85	8	1	28	2196	0	0
0.258	1	0	26	9	1	8	349	0	0
0.258	1	0	26	9	2	28	373	0	0
0.685	1	1	69	6	1	28	2196	0	0
0.848	1	1	85	9	1	28	2196	0	0
0.121	1	0	13	2	1	8	421	0	0
0.686	1	1	69	7	1	28	2196	0	0
0.259	1	0	26	10	3	14	389	0	0
0.259	1	0	26	10	4	20	293	0	0
0.259	1	0	26	10	5	22	349	0	0
0.849	1	1	85	10	1	28	2196	0	0
0.687	1	1	69	8	1	28	2196	0	0
0.85	1	1	86	1	1	28	2196	0	0
0.122	1	0	13	3	3	14	775	0	0
0.688	1	1	69	9	1	28	2196	0	0
0.851	1	1	86	2	1	28	2196	0	0
0.123	1	0	13	4	5	22	1383	0	0
0.852	1	1	86	3	1	28	2196	0	0
0.689	1	1	69	10	1	28	2196	0	0
0.69	1	1	70	1	1	28	2196	0	0
0.853	1	1	86	4	1	28	2196	0	0
0.26	1	0	27	1	1	8	317	0	0
0.26	1	0	27	1	2	28	373	0	0
0.26	1	0	27	1	4	20	97	0	0
0.124	1	0	13	5	4	20	1191	0	0
0.854	1	1	86	5	1	28	2196	0	0
0.691	1	1	70	2	1	28	2196	0	0
0.261	1	0	27	2	1	8	32	0	0
0.261	1	0	27	2	3	14	317	0	0
0.261	1	0	27	2	4	20	293	0	0
0.261	1	0	27	2	5	22	349	0	0
0.855	1	1	86	6	1	28	2196	0	0
0.692	1	1	70	3	1	28	2196	0	0
0.125	1	0	13	6	1	8	421	0	0
0.856	1	1	86	7	1	28	2196	0	0
0.693	1	1	70	4	1	28	2196	0	0
0.857	1	1	86	8	1	28	2196	0	0
0.126	1	0	13	7	2	28	2196	0	0
0.694	1	1	70	5	1	28	2196	0	0
0.858	1	1	86	9	1	28	2196	0	0
0.695	1	1	70	6	1	28	2196	0	0
0.127	1	0	13	8	1	8	421	0	0
0.859	1	1	86	10	1	28	2196	0	0
0.262	1	0	27	3	1	8	349	0	0
0.262	1	0	27	3	2	28	373	0	0
0.696	1	1	70	7	1	28	2196	0	0
0.86	1	1	87	1	1	28	2196	0	0
0.263	1	0	27	4	3	14	317	0	0
0.263	1	0	27	4	4	20	389	0	0
0.263	1	0	27	4	5	22	349	0	0
0.697	1	1	70	8	1	28	2196	0	0
0.128	1	0	13	9	3	14	775	0	0
0.861	1	1	87	2	1	28	2196	0	0
0.698	1	1	70	9	1	28	2196	0	0
0.862	1	1	87	3	1	28	2196	0	0
0.129	1	0	13	10	1	8	421	0	0
0.699	1	1	70	10	1	28	2196	0	0
0.863	1	1	87	4	1	28	2196	0	0
0.864	1	1	87	5	1	28	2196	0	0
0.7	1	1	71	1	1	28	2196	0	0
0.13	1	0	14	1	4	20	1191	0	0
0.264	1	0	27	5	1	8	317	0	0
0.865	1	1	87	6	1	28	2196	0	0
0.264	1	0	27	5	2	28	373	0	0
0.264	1	0	27	5	3	14	61	0	0
0.701	1	1	71	2	1	28	2196	0	0
0.866	1	1	87	7	1	28	2196	0	0
0.131	1	0	14	2	5	22	1383	0	0
0.702	1	1	71	3	1	28	2196	0	0
0.265	1	0	27	6	1	8	32	0	0
0.265	1	0	27	6	3	14	317	0	0
0.265	1	0	27	6	4	20	293	0	0
0.265	1	0	27	6	5	22	349	0	0
0.867	1	1	87	8	1	28	2196	0	0
0.703	1	1	71	4	1	28	2196	0	0
0.868	1	1	87	9	1	28	2196	0	0
0.132	1	0	14	3	3	14	775	0	0
0.704	1	1	71	5	1	28	2196	0	0
0.869	1	1	87	10	1	28	2196	0	0
0.133	1	0	14	4	1	8	421	0	0
0.705	1	1	71	6	1	28	2196	0	0
0.87	1	1	88	1	1	28	2196	0	0
0.706	1	1	71	7	1	28	2196	0	0
0.266	1	0	27	7	1	8	349	0	0
0.266	1	0	27	7	2	28	373	0	0
0.871	1	1	88	2	1	28	2196	0	0
0.134	1	0	14	5	1	8	421	0	0
0.872	1	1	88	3	1	28	2196	0	0
0.707	1	1	71	8	1	28	2196	0	0
0.267	1	0	27	8	3	14	317	0	0
0.267	1	0	27	8	4	20	389	0	0
0.267	1	0	27	8	5	22	349	0	0
0.708	1	1	71	9	1	28	2196	0	0
0.873	1	1	88	4	1	28	2196	0	0
0.135	1	0	14	6	3	14	775	0	0
0.874	1	1	88	5	1	28	2196	0	0
0.709	1	1	71	10	1	28	2196	0	0
0.268	1	0	27	9	1	8	317	0	0
0.268	1	0	27	9	2	28	185	0	0
0.268	1	0	27	9	3	14	125	0	0
0.875	1	1	88	6	1	28	2196	0	0
0.71	1	1	72	1	1	28	2196	0	0
0.136	1	0	14	7	1	8	421	0	0
0.269	1	0	27	10	1	8	32	0	0
0.269	1	0	27	10	2	28	185	0	0
0.269	1	0	27	10	3	14	253	0	0
0.269	1	0	27	10	4	20	293	0	0
0.269	1	0	27	10	5	22	349	0	0
0.876	1	1	88	7	1	28	2196	0	0
0.711	1	1	72	2	1	28	2196	0	0
0.137	1	0	14	8	4	20	1191	0	0
0.877	1	1	88	8	1	28	2196	0	0
0.712	1	1	72	3	1	28	2196	0	0
0.878	1	1	88	9	1	28	2196	0	0
0.713	1	1	72	4	1	28	2196	0	0
0.138	1	0	14	9	2	28	2196	0	0
0.879	1	1	88	10	1	28	2196	0	0
0.714	1	1	72	5	1	28	2196	0	0
0.88	1	1	89	1	1	28	2196	0	0
0.139	1	0	14	10	5	22	1383	0	0
0.27	1	0	28	1	1	8	317	0	0
0.27	1	0	28	1	2	28	185	0	0
0.27	1	0	28	1	4	20	193	0	0
0.715	1	1	72	6	1	28	2196	0	0
0.271	1	0	28	2	1	8	101	0	0
0.271	1	0	28	2	2	28	185	0	0
0.271	1	0	28	2	3	14	317	0	0
0.271	1	0	28	2	5	22	349	0	0
0.716	1	1	72	7	1	28	2196	0	0
0.14	1	0	15	1	1	8	421	0	0
0.881	1	1	89	2	1	28	2196	0	0
0.882	1	1	89	3	1	28	2196	0	0
0.717	1	1	72	8	1	28	2196	0	0
0.141	1	0	15	2	3	14	775	0	0
0.718	1	1	72	9	1	28	2196	0	0
0.883	1	1	89	4	1	28	2196	0	0
0.884	1	1	89	5	1	28	2196	0	0
0.719	1	1	72	10	1	28	2196	0	0
0.142	1	0	15	3	1	8	421	0	0
0.272	1	0	28	3	1	8	241	0	0
0.272	1	0	28	3	3	14	61	0	0
0.272	1	0	28	3	4	20	389	0	0
0.885	1	1	89	6	1	28	2196	0	0
0.72	1	1	73	1	1	28	2196	0	0
0.886	1	1	89	7	1	28	2196	0	0
0.143	1	0	15	4	1	8	421	0	0
0.273	1	0	28	4	1	8	67	0	0
0.273	1	0	28	4	2	28	373	0	0
0.273	1	0	28	4	3	14	317	0	0
0.273	1	0	28	4	5	22	349	0	0
0.721	1	1	73	2	1	28	2196	0	0
0.887	1	1	89	8	1	28	2196	0	0
0.722	1	1	73	3	1	28	2196	0	0
0.144	1	0	15	5	4	20	1191	0	0
0.888	1	1	89	9	1	28	2196	0	0
0.723	1	1	73	4	1	28	2196	0	0
0.889	1	1	89	10	1	28	2196	0	0
0.145	1	0	15	6	3	14	775	0	0
0.724	1	1	73	5	1	28	2196	0	0
0.89	1	1	90	1	1	28	2196	0	0
0.725	1	1	73	6	1	28	2196	0	0
0.891	1	1	90	2	1	28	2196	0	0
0.146	1	0	15	7	1	8	421	0	0
0.274	1	0	28	5	1	8	317	0	0
0.274	1	0	28	5	4	20	293	0	0
0.892	1	1	90	3	1	28	2196	0	0
0.726	1	1	73	7	1	28	2196	0	0
0.147	1	0	15	8	5	22	1383	0	0
0.893	1	1	90	4	1	28	2196	0	0
0.275	1	0	28	6	2	28	373	0	0
0.275	1	0	28	6	3	14	389	0	0
0.275	1	0	28	6	4	20	97	0	0
0.275	1	0	28	6	5	22	349	0	0
0.727	1	1	73	8	1	28	2196	0	0
0.894	1	1	90	5	1	28	2196	0	0
0.728	1	1	73	9	1	28	2196	0	0
0.148	1	0	15	9	1	8	421	0	0
0.276	1	0	28	7	1	8	317	0	0
0.276	1	0	28	7	4	20	293	0	0
0.895	1	1	90	6	1	28	2196	0	0
0.729	1	1	73	10	1	28	2196	0	0
0.896	1	1	90	7	1	28	2196	0	0
0.73	1	1	74	1	1	28	2196	0	0
0.149	1	0	15	10	3	14	775	0	0
0.897	1	1	90	8	1	28	2196	0	0
0.731	1	1	74	2	1	28	2196	0	0
0.898	1	1	90	9	1	28	2196	0	0
0.15	1	0	16	1	2	28	2196	0	0
0.732	1	1	74	3	1	28	2196	0	0
0.899	1	1	90	10	1	28	2196	0	0
0.733	1	1	74	4	1	28	2196	0	0
0.151	1	0	16	2	4	20	1191	0	0
0.277	1	0	28	8	1	8	67	0	0
0.277	1	0	28	8	2	28	373	0	0
0.277	1	0	28	8	3	14	317	0	0
0.277	1	0	28	8	5	22	349	0	0
0.734	1	1	74	5	1	28	2196	0	0
0.152	1	0	16	3	1	8	421	0	0
0.735	1	1	74	6	1	28	2196	0	0
0.278	1	0	28	9	1	8	277	0	0
0.278	1	0	28	9	4	20	389	0	0
0.153	1	0	16	4	1	8	421	0	0
0.736	1	1	74	7	1	28	2196	0	0
0.737	1	1	74	8	1	28	2196	0	0
0.154	1	0	16	5	3	14	775	0	0
0.738	1	1	74	9	1	28	2196	0	0
0.155	1	0	16	6	5	22	1383	0	0
0.739	1	1	74	10	1	28	2196	0	0
0.279	1	0	28	10	1	8	67	0	0
0.279	1	0	28	10	2	28	373	0	0
0.279	1	0	28	10	3	14	317	0	0
0.279	1	0	28	10	5	22	349	0	0
0.74	1	1	75	1	1	28	2196	0	0
0.156	1	0	16	7	1	8	421	0	0
0.741	1	1	75	2	1	28	2196	0	0
0.157	1	0	16	8	4	20	1191	0	0
0.28	1	0	29	1	1	8	277	0	0
0.28	1	0	29	1	3	14	61	0	0
0.28	1	0	29	1	4	20	293	0	0
0.742	1	1	75	3	1	28	2196	0	0
0.281	1	0	29	2	1	8	67	0	0
0.281	1	0	29	2	2	28	373	0	0
0.281	1	0	29	2	3	14	317	0	0
0.281	1	0	29	2	5	22	349	0	0
0.158	1	0	16	9	3	14	775	0	0
0.743	1	1	75	4	1	28	2196	0	0
0.744	1	1	75	5	1	28	2196	0	0
0.159	1	0	16	10	1	8	421	0	0
0.745	1	1	75	6	1	28	2196	0	0
0.16	1	0	17	1	1	8	421	0	0
0.746	1	1	75	7	1	28	2196	0	0
0.747	1	1	75	8	1	28	2196	0	0
0.161	1	0	17	2	5	22	1383	0	0
0.282	1	0	29	3	1	8	277	0	0
0.282	1	0	29	3	4	20	389	0	0
0.748	1	1	75	9	1	28	2196	0	0
0.162	1	0	17	3	2	28	2196	0	0
0.749	1	1	75	10	1	28	2196	0	0
0.283	1	0	29	4	1	8	67	0	0
0.283	1	0	29	4	2	28	373	0	0
0.283	1	0	29	4	3	14	317	0	0
0.283	1	0	29	4	5	22	349	0	0
0.75	1	1	76	1	1	28	2196	0	0
0.163	1	0	17	4	3	14	775	0	0
0.751	1	1	76	2	1	28	2196	0	0
0.164	1	0	17	5	1	8	421	0	0
0.752	1	1	76	3	1	28	2196	0	0
0.165	1	0	17	6	4	20	1191	0	0
0.753	1	1	76	4	1	28	2196	0	0
0.284	1	0	29	5	1	8	277	0	0
0.284	1	0	29	5	3	14	61	0	0
0.284	1	0	29	5	4	20	293	0	0
0.754	1	1	76	5	1	28	2196	0	0
0.166	1	0	17	7	1	8	421	0	0
0.755	1	1	76	6	1	28	2196	0	0
0.285	1	0	29	6	1	8	101	0	0
0.285	1	0	29	6	2	28	185	0	0
0.285	1	0	29	6	3	14	317	0	0
0.285	1	0	29	6	5	22	349	0	0
0.167	1	0	17	8	3	14	775	0	0
0.756	1	1	76	7	1	28	2196	0	0
0.168	1	0	17	9	1	8	421	0	0
0.286	1	0	29	7	1	8	241	0	0
0.286	1	0	29	7	2	28	185	0	0
0.286	1	0	29	7	4	20	389	0	0
0.757	1	1	76	8	1	28	2196	0	0
0.169	1	0	17	10	5	22	1383	0	0
0.287	1	0	29	8	1	8	137	0	0
0.287	1	0	29	8	3	14	317	0	0
0.287	1	0	29	8	5	22	349	0	0
0.758	1	1	76	9	1	28	2196	0	0
0.17	1	0	18	1	1	8	421	0	0
0.288	1	0	29	9	1	8	241	0	0
0.288	1	0	29	9	2	28	373	0	0
0.288	1	0	29	9	4	20	293	0	0
0.759	1	1	76	10	1	28	2196	0	0
0.171	1	0	18	2	4	20	1191	0	0
0.289	1	0	29	10	1	8	32	0	0
0.289	1	0	29	10	3	14	389	0	0
0.289	1	0	29	10	4	20	193	0	0
0.289	1	0	29	10	5	22	349	0	0
0.76	1	1	77	1	1	28	2196	0	0
0.172	1	0	18	3	3	14	775	0	0
0.29	1	0	30	1	1	8	349	0	0
0.29	1	0	30	1	2	28	373	0	0
0.761	1	1	77	2	1	28	2196	0	0
0.173	1	0	18	4	1	8	421	0	0
0.762	1	1	77	3	1	28	2196	0	0
0.291	1	0	30	2	3	14	317	0	0
0.291	1	0	30	2	4	20	389	0	0
0.291	1	0	30	2	5	22	349	0	0
0.174	1	0	18	5	2	28	2196	0	0
0.763	1	1	77	4	1	28	2196	0	0
0.292	1	0	30	3	1	8	317	0	0
0.292	1	0	30	3	2	28	373	0	0
0.292	1	0	30	3	3	14	61	0	0
0.764	1	1	77	5	1	28	2196	0	0
0.175	1	0	18	6	1	8	421	0	0
0.293	1	0	30	4	1	8	32	0	0
0.293	1	0	30	4	3	14	317	0	0
0.293	1	0	30	4	4	20	293	0	0
0.293	1	0	30	4	5	22	349	0	0
0.765	1	1	77	6	1	28	2196	0	0
0.176	1	0	18	7	3	14	775	0	0
0.294	1	0	30	5	1	8	317	0	0
0.294	1	0	30	5	2	28	373	0	0
0.294	1	0	30	5	4	20	97	0	0
0.766	1	1	77	7	1	28	2196	0	0
0.177	1	0	18	8	5	22	1383	0	0
0.295	1	0	30	6	1	8	32	0	0
0.295	1	0	30	6	3	14	317	0	0
0.295	1	0	30	6	4	20	293	0	0
0.295	1	0	30	6	5	22	349	0	0
0.767	1	1	77	8	1	28	2196	0	0
0.178	1	0	18	9	4	20	1191	0	0
0.768	1	1	77	9	1	28	2196	0	0
0.296	1	0	30	7	1	8	317	0	0
0.296	1	0	30	7	2	28	373	0	0
0.296	1	0	30	7	3	14	61	0	0
0.179	1	0	18	10	1	8	421	0	0
0.769	1	1	77	10	1	28	2196	0	0
0.297	1	0	30	8	3	14	317	0	0
0.297	1	0	30	8	4	20	389	0	0
0.297	1	0	30	8	5	22	349	0	0
0.77	1	1	78	1	1	28	2196	0	0
0.18	1	0	19	1	3	14	775	0	0
0.298	1	0	30	9	1	8	349	0	0
0.298	1	0	30	9	2	28	373	0	0
0.771	1	1	78	2	1	28	2196	0	0
0.181	1	0	19	2	1	8	421	0	0
0.299	1	0	30	10	1	8	32	0	0
0.299	1	0	30	10	3	14	317	0	0
0.299	1	0	30	10	4	20	293	0	0
0.299	1	0	30	10	5	22	349	0	0
0.772	1	1	78	3	1	28	2196	0	0
0.182	1	0	19	3	1	8	421	0	0
0.773	1	1	78	4	1	28	2196	0	0
0.183	1	0	19	4	4	20	1191	0	0
0.774	1	1	78	5	1	28	2196	0	0
0.184	1	0	19	5	3	14	775	0	0
0.775	1	1	78	6	1	28	2196	0	0
0.776	1	1	78	7	1	28	2196	0	0
0.185	1	0	19	6	1	8	421	0	0
0.3	1	0	31	1	1	8	317	0	0
0.3	1	0	31	1	2	28	373	0	0
0.3	1	0	31	1	3	14	61	0	0
0.777	1	1	78	8	1	28	2196	0	0
0.186	1	0	19	7	5	22	1383	0	0
0.301	1	0	31	2	3	14	317	0	0
0.301	1	0	31	2	4	20	389	0	0
0.301	1	0	31	2	5	22	349	0	0
0.778	1	1	78	9	1	28	2196	0	0
0.187	1	0	19	8	2	28	2196	0	0
0.779	1	1	78	10	1	28	2196	0	0
0.188	1	0	19	9	1	8	421	0	0
0.78	1	1	79	1	1	28	2196	0	0
0.189	1	0	19	10	3	14	775	0	0
0.781	1	1	79	2	1	28	2196	0	0
0.782	1	1	79	3	1	28	2196	0	0
0.19	1	0	20	1	1	8	421	0	0
0.302	1	0	31	3	1	8	349	0	0
0.302	1	0	31	3	2	28	373	0	0
0.783	1	1	79	4	1	28	2196	0	0
0.191	1	0	20	2	4	20	1191	0	0
0.303	1	0	31	4	3	14	389	0	0
0.303	1	0	31	4	4	20	293	0	0
0.303	1	0	31	4	5	22	349	0	0
0.784	1	1	79	5	1	28	2196	0	0
0.192	1	0	20	3	1	8	421	0	0
0.304	1	0	31	5	1	8	349	0	0
0.304	1	0	31	5	2	28	185	0	0
0.304	1	0	31	5	4	20	97	0	0
0.785	1	1	79	6	1	28	2196	0	0
0.193	1	0	20	4	5	22	1383	0	0
0.786	1	1	79	7	1	28	2196	0	0
0.194	1	0	20	5	3	14	775	0	0
0.787	1	1	79	8	1	28	2196	0	0
0.195	1	0	20	6	1	8	421	0	0
0.788	1	1	79	9	1	28	2196	0	0
0.789	1	1	79	10	1	28	2196	0	0
0.196	1	0	20	7	1	8	421	0	0
0.305	1	0	31	6	1	8	32	0	0
0.305	1	0	31	6	3	14	317	0	0
0.305	1	0	31	6	4	20	293	0	0
0.305	1	0	31	6	5	22	349	0	0
0.79	1	1	80	1	1	28	2196	0	0
0.197	1	0	20	8	4	20	1191	0	0
0.791	1	1	80	2	1	28	2196	0	0
0.306	1	0	31	7	1	8	349	0	0
0.306	1	0	31	7	2	28	373	0	0
0.198	1	0	20	9	3	14	775	0	0
0.792	1	1	80	3	1	28	2196	0	0
0.307	1	0	31	8	3	14	317	0	0
0.307	1	0	31	8	4	20	389	0	0
0.307	1	0	31	8	5	22	349	0	0
0.199	1	0	20	10	2	28	2196	0	0
0.793	1	1	80	4	1	28	2196	0	0
0.794	1	1	80	5	1	28	2196	0	0
0.2	1	0	21	1	1	8	421	0	0
0.795	1	1	80	6	1	28	2196	0	0
0.201	1	0	21	2	5	22	1383	0	0
0.796	1	1	80	7	1	28	2196	0	0
0.202	1	0	21	3	1	8	421	0	0
0.797	1	1	80	8	1	28	2196	0	0
0.798	1	1	80	9	1	28	2196	0	0
0.203	1	0	21	4	3	14	775	0	0
0.799	1	1	80	10	1	28	2196	0	0
0.204	1	0	21	5	4	20	1191	0	0
0.8	1	1	81	1	1	28	2196	0	0
0.308	1	0	31	9	1	8	317	0	0
0.308	1	0	31	9	2	28	373	0	0
0.308	1	0	31	9	3	14	61	0	0
0.205	1	0	21	6	1	8	421	0	0
0.801	1	1	81	2	1	28	2196	0	0
0.206	1	0	21	7	3	14	775	0	0
0.802	1	1	81	3	1	28	2196	0	0
0.309	1	0	31	10	1	8	32	0	0
0.309	1	0	31	10	3	14	317	0	0
0.309	1	0	31	10	4	20	293	0	0
0.309	1	0	31	10	5	22	349	0	0
0.207	1	0	21	8	1	8	421	0	0
0.803	1	1	81	4	1	28	2196	0	0
0.804	1	1	81	5	1	28	2196	0	0
0.31	1	0	32	1	1	8	349	0	0
0.31	1	0	32	1	2	28	373	0	0
0.208	1	0	21	9	5	22	1383	0	0
0.805	1	1	81	6	1	28	2196	0	0
0.311	1	0	32	2	3	14	317	0	0
0.209	1	0	21	10	1	8	421	0	0
0.311	1	0	32	2	4	20	389	0	0
0.311	1	0	32	2	5	22	349	0	0
0.806	1	1	81	7	1	28	2196	0	0
0.21	1	0	22	1	2	28	2196	0	0
0.312	1	0	32	3	1	8	317	0	0
0.312	1	0	32	3	2	28	373	0	0
0.312	1	0	32	3	3	14	61	0	0
0.807	1	1	81	8	1	28	2196	0	0
0.313	1	0	32	4	1	8	32	0	0
0.313	1	0	32	4	3	14	317	0	0
0.313	1	0	32	4	4	20	293	0	0
0.211	1	0	22	2	4	20	1191	0	0
0.313	1	0	32	4	5	22	349	0	0
0.808	1	1	81	9	1	28	2196	0	0
0.212	1	0	22	3	3	14	775	0	0
0.314	1	0	32	5	1	8	317	0	0
0.314	1	0	32	5	2	28	373	0	0
0.314	1	0	32	5	4	20	97	0	0
0.809	1	1	81	10	1	28	2196	0	0
0.213	1	0	22	4	1	8	421	0	0
0.315	1	0	32	6	3	14	389	0	0
0.315	1	0	32	6	4	20	293	0	0
0.315	1	0	32	6	5	22	349	0	0
0.81	1	1	82	1	1	28	2196	0	0
0.214	1	0	22	5	1	8	421	0	0
0.316	1	0	32	7	1	8	349	0	0
0.316	1	0	32	7	2	28	373	0	0
0.811	1	1	82	2	1	28	2196	0	0
0.215	1	0	22	6	3	14	775	0	0
0.812	1	1	82	3	1	28	2196	0	0
0.317	1	0	32	8	1	8	32	0	0
0.317	1	0	32	8	3	14	317	0	0
0.317	1	0	32	8	4	20	293	0	0
0.317	1	0	32	8	5	22	349	0	0
0.813	1	1	82	4	1	28	2196	0	0
0.318	1	0	32	9	1	8	317	0	0
0.216	1	0	22	7	5	22	1383	0	0
0.318	1	0	32	9	2	28	373	0	0
0.318	1	0	32	9	4	20	97	0	0
0.814	1	1	82	5	1	28	2196	0	0
0.319	1	0	32	10	1	8	32	0	0
0.217	1	0	22	8	1	8	421	0	0
0.319	1	0	32	10	3	14	317	0	0
0.319	1	0	32	10	4	20	293	0	0
0.319	1	0	32	10	5	22	349	0	0
0.815	1	1	82	6	1	28	2196	0	0
0.218	1	0	22	9	4	20	1191	0	0
0.32	1	0	33	1	1	8	317	0	0
0.32	1	0	33	1	2	28	185	0	0
0.32	1	0	33	1	3	14	125	0	0
0.816	1	1	82	7	1	28	2196	0	0
0.219	1	0	22	10	1	8	421	0	0
0.321	1	0	33	2	1	8	32	0	0
0.321	1	0	33	2	3	14	253	0	0
0.321	1	0	33	2	4	20	389	0	0
0.321	1	0	33	2	5	22	349	0	0
0.817	1	1	82	8	1	28	2196	0	0
0.22	1	0	23	1	3	14	775	0	0
0.322	1	0	33	3	1	8	349	0	0
0.322	1	0	33	3	2	28	373	0	0
0.818	1	1	82	9	1	28	2196	0	0
0.221	1	0	23	2	1	8	421	0	0
0.323	1	0	33	4	3	14	389	0	0
0.323	1	0	33	4	4	20	293	0	0
0.323	1	0	33	4	5	22	349	0	0
0.819	1	1	82	10	1	28	2196	0	0
0.82	1	1	83	1	1	28	2196	0	0
0.222	1	0	23	3	2	28	2196	0	0
0.324	1	0	33	5	1	8	349	0	0
0.324	1	0	33	5	2	28	373	0	0
0.821	1	1	83	2	1	28	2196	0	0
0.223	1	0	23	4	1	8	421	0	0
0.325	1	0	33	6	3	14	317	0	0
0.325	1	0	33	6	4	20	389	0	0
0.325	1	0	33	6	5	22	349	0	0
0.822	1	1	83	3	1	28	2196	0	0
0.224	1	0	23	5	5	22	1383	0	0
0.326	1	0	33	7	1	8	349	0	0
0.326	1	0	33	7	2	28	373	0	0
0.823	1	1	83	4	1	28	2196	0	0
0.225	1	0	23	6	3	14	775	0	0
0.327	1	0	33	8	3	14	389	0	0
0.327	1	0	33	8	4	20	293	0	0
0.327	1	0	33	8	5	22	349	0	0
0.824	1	1	83	5	1	28	2196	0	0
0.226	1	0	23	7	4	20	1191	0	0
0.328	1	0	33	9	1	8	317	0	0
0.328	1	0	33	9	2	28	373	0	0
0.328	1	0	33	9	4	20	97	0	0
0.825	1	1	83	6	1	28	2196	0	0
0.227	1	0	23	8	1	8	421	0	0
0.329	1	0	33	10	1	8	32	0	0
0.329	1	0	33	10	3	14	317	0	0
0.329	1	0	33	10	4	20	293	0	0
0.329	1	0	33	10	5	22	349	0	0
0.826	1	1	83	7	1	28	2196	0	0
0.228	1	0	23	9	1	8	421	0	0
0.33	1	0	34	1	1	8	349	0	0
0.33	1	0	34	1	2	28	373	0	0
0.827	1	1	83	8	1	28	2196	0	0
0.828	1	1	83	9	1	28	2196	0	0
0.229	1	0	23	10	3	14	775	0	0
0.331	1	0	34	2	3	14	317	0	0
0.331	1	0	34	2	4	20	389	0	0
0.331	1	0	34	2	5	22	349	0	0
0.829	1	1	83	10	1	28	2196	0	0
0.332	1	0	34	3	1	8	317	0	0
0.332	1	0	34	3	2	28	373	0	0
0.332	1	0	34	3	3	14	61	0	0
0.23	1	0	24	1	1	8	421	0	0
0.83	1	1	84	1	1	28	2196	0	0
0.333	1	0	34	4	1	8	32	0	0
0.333	1	0	34	4	3	14	317	0	0
0.333	1	0	34	4	4	20	293	0	0
0.333	1	0	34	4	5	22	349	0	0
0.231	1	0	24	2	4	20	1191	0	0
0.831	1	1	84	2	1	28	2196	0	0
0.334	1	0	34	5	1	8	349	0	0
0.334	1	0	34	5	2	28	373	0	0
0.232	1	0	24	3	5	22	1383	0	0
0.832	1	1	84	3	1	28	2196	0	0
0.335	1	0	34	6	3	14	317	0	0
0.335	1	0	34	6	4	20	389	0	0
0.335	1	0	34	6	5	22	349	0	0
0.233	1	0	24	4	3	14	775	0	0
0.833	1	1	84	4	1	28	2196	0	0
0.336	1	0	34	7	1	8	317	0	0
0.336	1	0	34	7	2	28	185	0	0
0.336	1	0	34	7	3	14	125	0	0
0.234	1	0	24	5	1	8	421	0	0
0.834	1	1	84	5	1	28	2196	0	0
0.337	1	0	34	8	1	8	32	0	0
0.337	1	0	34	8	2	28	185	0	0
0.337	1	0	34	8	3	14	253	0	0
0.337	1	0	34	8	4	20	293	0	0
0.337	1	0	34	8	5	22	349	0	0
0.835	1	1	84	6	1	28	2196	0	0
0.235	1	0	24	6	2	28	2196	0	0
0.836	1	1	84	7	1	28	2196	0	0
0.338	1	0	34	9	1	8	317	0	0
0.338	1	0	34	9	2	28	185	0	0
0.338	1	0	34	9	4	20	193	0	0
0.236	1	0	24	7	1	8	421	0	0
0.837	1	1	84	8	1	28	2196	0	0
0.339	1	0	34	10	1	8	137	0	0
0.339	1	0	34	10	3	14	317	0	0
0.339	1	0	34	10	5	22	349	0	0
0.237	1	0	24	8	3	14	775	0	0
0.838	1	1	84	9	1	28	2196	0	0
0.238	1	0	24	9	4	20	1191	0	0
0.34	1	0	35	1	1	8	209	0	0
0.34	1	0	35	1	2	28	373	0	0
0.34	1	0	35	1	4	20	389	0	0
0.239	1	0	24	10	1	8	421	0	0
0.341	1	0	35	2	1	8	101	0	0
0.341	1	0	35	2	3	14	389	0	0
0.341	1	0	35	2	5	22	349	0	0
0.839	1	1	84	10	1	28	2196	0	0
0.24	1	0	25	1	5	22	1383	0	0
0.84	1	1	85	1	1	28	2196	0	0
0.342	1	0	35	3	1	8	241	0	0
0.342	1	0	35	3	2	28	373	0	0
0.342	1	0	35	3	4	20	293	0	0
0.241	1	0	25	2	1	8	421	0	0
0.841	1	1	85	2	1	28	2196	0	0
0.343	1	0	35	4	1	8	137	0	0
0.343	1	0	35	4	3	14	317	0	0
0.343	1	0	35	4	5	22	349	0	0
0.242	1	0	25	3	3	14	775	0	0
0.842	1	1	85	3	1	28	2196	0	0
0.344	1	0	35	5	1	8	209	0	0
0.344	1	0	35	5	2	28	373	0	0
0.344	1	0	35	5	4	20	389	0	0
0.243	1	0	25	4	1	8	421	0	0
0.843	1	1	85	4	1	28	2196	0	0
0.844	1	1	85	5	1	28	2196	0	0
0.345	1	0	35	6	1	8	101	0	0
0.345	1	0	35	6	3	14	389	0	0
0.345	1	0	35	6	5	22	349	0	0
0.244	1	0	25	5	4	20	1191	0	0
0.845	1	1	85	6	1	28	2196	0	0
0.346	1	0	35	7	1	8	241	0	0
0.346	1	0	35	7	2	28	373	0	0
0.346	1	0	35	7	4	20	293	0	0
0.245	1	0	25	6	1	8	421	0	0
0.846	1	1	85	7	1	28	2196	0	0
0.347	1	0	35	8	1	8	137	0	0
0.347	1	0	35	8	3	14	317	0	0
0.347	1	0	35	8	5	22	349	0	0
0.246	1	0	25	7	3	14	775	0	0
0.847	1	1	85	8	1	28	2196	0	0
0.848	1	1	85	9	1	28	2196	0	0
0.247	1	0	25	8	2	28	2196	0	0
0.348	1	0	35	9	1	8	209	0	0
0.348	1	0	35	9	2	28	373	0	0
0.348	1	0	35	9	4	20	389	0	0
0.849	1	1	85	10	1	28	2196	0	0
0.248	1	0	25	9	5	22	1383	0	0
0.349	1	0	35	10	1	8	137	0	0
0.349	1	0	35	10	3	14	317	0	0
0.349	1	0	35	10	5	22	349	0	0
0.85	1	1	86	1	1	28	2196	0	0
0.249	1	0	25	10	1	8	421	0	0
0.35	1	0	36	1	1	8	241	0	0
0.35	1	0	36	1	2	28	373	0	0
0.35	1	0	36	1	4	20	293	0	0
0.851	1	1	86	2	1	28	2196	0	0
0.25	1	0	26	1	1	8	421	0	0
0.852	1	1	86	3	1	28	2196	0	0
0.351	1	0	36	2	3	14	389	0	0
0.351	1	0	36	2	4	20	293	0	0
0.351	1	0	36	2	5	22	349	0	0
0.251	1	0	26	2	3	14	775	0	0
0.853	1	1	86	4	1	28	2196	0	0
0.352	1	0	36	3	1	8	349	0	0
0.352	1	0	36	3	2	28	373	0	0
0.854	1	1	86	5	1	28	2196	0	0
0.252	1	0	26	3	4	20	1191	0	0
0.353	1	0	36	4	3	14	389	0	0
0.353	1	0	36	4	4	20	293	0	0
0.353	1	0	36	4	5	22	349	0	0
0.855	1	1	86	6	1	28	2196	0	0
0.253	1	0	26	4	1	8	421	0	0
0.354	1	0	36	5	1	8	389	0	0
0.856	1	1	86	7	1	28	2196	0	0
0.354	1	0	36	5	2	28	185	0	0
0.254	1	0	26	5	5	22	1383	0	0
0.857	1	1	86	8	1	28	2196	0	0
0.355	1	0	36	6	3	14	317	0	0
0.355	1	0	36	6	4	20	389	0	0
0.355	1	0	36	6	5	22	349	0	0
0.255	1	0	26	6	3	14	775	0	0
0.858	1	1	86	9	1	28	2196	0	0
0.356	1	0	36	7	1	8	349	0	0
0.356	1	0	36	7	2	28	373	0	0
0.859	1	1	86	10	1	28	2196	0	0
0.256	1	0	26	7	1	8	421	0	0
0.357	1	0	36	8	3	14	389	0	0
0.357	1	0	36	8	4	20	293	0	0
0.357	1	0	36	8	5	22	349	0	0
0.86	1	1	87	1	1	28	2196	0	0
0.257	1	0	26	8	1	8	421	0	0
0.861	1	1	87	2	1	28	2196	0	0
0.358	1	0	36	9	1	8	349	0	0
0.358	1	0	36	9	2	28	373	0	0
0.258	1	0	26	9	4	20	1191	0	0
0.862	1	1	87	3	1	28	2196	0	0
0.359	1	0	36	10	3	14	317	0	0
0.359	1	0	36	10	4	20	389	0	0
0.359	1	0	36	10	5	22	349	0	0
0.863	1	1	87	4	1	28	2196	0	0
0.259	1	0	26	10	2	28	2196	0	0
0.36	1	0	37	1	1	8	349	0	0
0.36	1	0	37	1	2	28	373	0	0
0.864	1	1	87	5	1	28	2196	0	0
0.26	1	0	27	1	3	14	775	0	0
0.361	1	0	37	2	3	14	317	0	0
0.361	1	0	37	2	4	20	389	0	0
0.361	1	0	37	2	5	22	349	0	0
0.865	1	1	87	6	1	28	2196	0	0
0.261	1	0	27	2	1	8	421	0	0
0.866	1	1	87	7	1	28	2196	0	0
0.362	1	0	37	3	1	8	317	0	0
0.362	1	0	37	3	2	28	373	0	0
0.362	1	0	37	3	3	14	61	0	0
0.867	1	1	87	8	1	28	2196	0	0
0.262	1	0	27	3	1	8	421	0	0
0.363	1	0	37	4	1	8	32	0	0
0.363	1	0	37	4	3	14	317	0	0
0.363	1	0	37	4	4	20	293	0	0
0.363	1	0	37	4	5	22	349	0	0
0.868	1	1	87	9	1	28	2196	0	0
0.263	1	0	27	4	5	22	1383	0	0
0.869	1	1	87	10	1	28	2196	0	0
0.364	1	0	37	5	1	8	349	0	0
0.364	1	0	37	5	2	28	373	0	0
0.87	1	1	88	1	1	28	2196	0	0
0.264	1	0	27	5	3	14	775	0	0
0.365	1	0	37	6	3	14	317	0	0
0.365	1	0	37	6	4	20	389	0	0
0.365	1	0	37	6	5	22	349	0	0
0.871	1	1	88	2	1	28	2196	0	0
0.265	1	0	27	6	4	20	1191	0	0
0.366	1	0	37	7	1	8	317	0	0
0.366	1	0	37	7	2	28	373	0	0
0.366	1	0	37	7	3	14	61	0	0
0.872	1	1	88	3	1	28	2196	0	0
0.367	1	0	37	8	1	8	32	0	0
0.367	1	0	37	8	3	14	317	0	0
0.367	1	0	37	8	4	20	293	0	0
0.367	1	0	37	8	5	22	349	0	0
0.873	1	1	88	4	1	28	2196	0	0
0.266	1	0	27	7	1	8	421	0	0
0.874	1	1	88	5	1	28	2196	0	0
0.368	1	0	37	9	1	8	349	0	0
0.368	1	0	37	9	2	28	373	0	0
0.267	1	0	27	8	1	8	421	0	0
0.875	1	1	88	6	1	28	2196	0	0
0.369	1	0	37	10	3	14	317	0	0
0.369	1	0	37	10	4	20	389	0	0
0.369	1	0	37	10	5	22	349	0	0
0.876	1	1	88	7	1	28	2196	0	0
0.268	1	0	27	9	3	14	775	0	0
0.877	1	1	88	8	1	28	2196	0	0
0.37	1	0	38	1	1	8	317	0	0
0.37	1	0	38	1	2	28	185	0	0
0.37	1	0	38	1	3	14	125	0	0
0.269	1	0	27	10	1	8	421	0	0
0.878	1	1	88	9	1	28	2196	0	0
0.371	1	0	38	2	1	8	32	0	0
0.371	1	0	38	2	2	28	185	0	0
0.371	1	0	38	2	3	14	253	0	0
0.371	1	0	38	2	4	20	293	0	0
0.371	1	0	38	2	5	22	349	0	0
0.879	1	1	88	10	1	28	2196	0	0
0.27	1	0	28	1	5	22	1383	0	0
0.372	1	0	38	3	1	8	317	0	0
0.372	1	0	38	3	2	28	185	0	0
0.372	1	0	38	3	4	20	193	0	0
0.88	1	1	89	1	1	28	2196	0	0
0.271	1	0	28	2	2	28	2196	0	0
0.373	1	0	38	4	1	8	101	0	0
0.373	1	0	38	4	3	14	389	0	0
0.373	1	0	38	4	5	22	349	0	0
0.881	1	1	89	2	1	28	2196	0	0
0.272	1	0	28	3	4	20	1191	0	0
0.882	1	1	89	3	1	28	2196	0	0
0.374	1	0	38	5	1	8	209	0	0
0.374	1	0	38	5	2	28	373	0	0
0.374	1	0	38	5	4	20	389	0	0
0.883	1	1	89	4	1	28	2196	0	0
0.273	1	0	28	4	1	8	421	0	0
0.375	1	0	38	6	1	8	173	0	0
0.375	1	0	38	6	3	14	253	0	0
0.375	1	0	38	6	5	22	349	0	0
0.884	1	1	89	5	1	28	2196	0	0
0.274	1	0	28	5	3	14	775	0	0
0.376	1	0	38	7	1	8	173	0	0
0.376	1	0	38	7	2	28	373	0	0
0.376	1	0	38	7	3	14	125	0	0
0.376	1	0	38	7	4	20	293	0	0
0.885	1	1	89	6	1	28	2196	0	0
0.275	1	0	28	6	1	8	421	0	0
0.886	1	1	89	7	1	28	2196	0	0
0.377	1	0	38	8	1	8	173	0	0
0.377	1	0	38	8	3	14	253	0	0
0.377	1	0	38	8	5	22	349	0	0
0.887	1	1	89	8	1	28	2196	0	0
0.276	1	0	28	7	1	8	421	0	0
0.378	1	0	38	9	1	8	209	0	0
0.378	1	0	38	9	2	28	373	0	0
0.378	1	0	38	9	4	20	389	0	0
0.888	1	1	89	9	1	28	2196	0	0
0.379	1	0	38	10	1	8	101	0	0
0.379	1	0	38	10	3	14	389	0	0
0.379	1	0	38	10	5	22	349	0	0
0.277	1	0	28	8	3	14	775	0	0
0.889	1	1	89	10	1	28	2196	0	0
0.89	1	1	90	1	1	28	2196	0	0
0.38	1	0	39	1	1	8	241	0	0
0.38	1	0	39	1	2	28	373	0	0
0.38	1	0	39	1	4	20	293	0	0
0.278	1	0	28	9	5	22	1383	0	0
0.891	1	1	90	2	1	28	2196	0	0
0.381	1	0	39	2	1	8	67	0	0
0.381	1	0	39	2	3	14	317	0	0
0.381	1	0	39	2	4	20	193	0	0
0.381	1	0	39	2	5	22	349	0	0
0.279	1	0	28	10	4	20	1191	0	0
0.892	1	1	90	3	1	28	2196	0	0
0.382	1	0	39	3	1	8	317	0	0
0.382	1	0	39	3	2	28	373	0	0
0.382	1	0	39	3	3	14	61	0	0
0.893	1	1	90	4	1	28	2196	0	0
0.28	1	0	29	1	1	8	421	0	0
0.894	1	1	90	5	1	28	2196	0	0
0.383	1	0	39	4	3	14	317	0	0
0.383	1	0	39	4	4	20	389	0	0
0.383	1	0	39	4	5	22	349	0	0
0.281	1	0	29	2	3	14	775	0	0
0.895	1	1	90	6	1	28	2196	0	0
0.384	1	0	39	5	1	8	349	0	0
0.384	1	0	39	5	2	28	373	0	0
0.896	1	1	90	7	1	28	2196	0	0
0.282	1	0	29	3	1	8	421	0	0
0.385	1	0	39	6	3	14	317	0	0
0.385	1	0	39	6	4	20	389	0	0
0.385	1	0	39	6	5	22	349	0	0
0.897	1	1	90	8	1	28	2196	0	0
0.283	1	0	29	4	2	28	2196	0	0
0.898	1	1	90	9	1	28	2196	0	0
0.386	1	0	39	7	1	8	349	0	0
0.386	1	0	39	7	2	28	373	0	0
0.899	1	1	90	10	1	28	2196	0	0
0.284	1	0	29	5	1	8	421	0	0
0.387	1	0	39	8	3	14	389	0	0
0.387	1	0	39	8	4	20	293	0	0
0.387	1	0	39	8	5	22	349	0	0
0.285	1	0	29	6	4	20	1191	0	0
0.388	1	0	39	9	1	8	349	0	0
0.388	1	0	39	9	2	28	373	0	0
0.286	1	0	29	7	5	22	1383	0	0
0.389	1	0	39	10	3	14	317	0	0
0.389	1	0	39	10	4	20	389	0	0
0.389	1	0	39	10	5	22	349	0	0
0.39	1	0	40	1	1	8	349	0	0
0.39	1	0	40	1	3	14	125	0	0
0.287	1	0	29	8	3	14	775	0	0
0.391	1	0	40	2	2	28	373	0	0
0.391	1	0	40	2	3	14	253	0	0
0.391	1	0	40	2	4	20	293	0	0
0.391	1	0	40	2	5	22	349	0	0
0.288	1	0	29	9	1	8	421	0	0
0.392	1	0	40	3	1	8	349	0	0
0.392	1	0	40	3	4	20	193	0	0
0.289	1	0	29	10	1	8	421	0	0
0.393	1	0	40	4	1	8	32	0	0
0.393	1	0	40	4	2	28	373	0	0
0.393	1	0	40	4	3	14	389	0	0
0.393	1	0	40	4	5	22	349	0	0
0.29	1	0	30	1	3	14	775	0	0
0.291	1	0	30	2	1	8	421	0	0
0.394	1	0	40	5	1	8	277	0	0
0.394	1	0	40	5	4	20	389	0	0
0.292	1	0	30	3	4	20	1191	0	0
0.395	1	0	40	6	1	8	101	0	0
0.395	1	0	40	6	2	28	373	0	0
0.395	1	0	40	6	3	14	253	0	0
0.395	1	0	40	6	5	22	349	0	0
0.293	1	0	30	4	5	22	1383	0	0
0.396	1	0	40	7	1	8	241	0	0
0.396	1	0	40	7	3	14	125	0	0
0.396	1	0	40	7	4	20	293	0	0
0.294	1	0	30	5	1	8	421	0	0
0.397	1	0	40	8	1	8	101	0	0
0.397	1	0	40	8	2	28	373	0	0
0.397	1	0	40	8	3	14	253	0	0
0.397	1	0	40	8	5	22	349	0	0
0.295	1	0	30	6	2	28	2196	0	0
0.398	1	0	40	9	1	8	277	0	0
0.398	1	0	40	9	4	20	389	0	0
0.296	1	0	30	7	3	14	775	0	0
0.399	1	0	40	10	1	8	32	0	0
0.399	1	0	40	10	2	28	373	0	0
0.399	1	0	40	10	3	14	389	0	0
0.399	1	0	40	10	5	22	349	0	0
0.297	1	0	30	8	1	8	421	0	0
0.4	1	0	41	1	1	8	317	0	0
0.4	1	0	41	1	4	20	293	0	0
0.298	1	0	30	9	4	20	1191	0	0
0.401	1	0	41	2	2	28	373	0	0
0.401	1	0	41	2	3	14	317	0	0
0.401	1	0	41	2	4	20	193	0	0
0.401	1	0	41	2	5	22	349	0	0
0.299	1	0	30	10	1	8	421	0	0
0.402	1	0	41	3	1	8	389	0	0
0.402	1	0	41	3	4	20	97	0	0
0.3	1	0	31	1	3	14	775	0	0
0.403	1	0	41	4	2	28	185	0	0
0.403	1	0	41	4	3	14	317	0	0
0.403	1	0	41	4	4	20	293	0	0
0.403	1	0	41	4	5	22	349	0	0
0.301	1	0	31	2	5	22	1383	0	0
0.404	1	0	41	5	1	8	317	0	0
0.404	1	0	41	5	3	14	193	0	0
0.302	1	0	31	3	1	8	421	0	0
0.405	1	0	41	6	2	28	373	0	0
0.405	1	0	41	6	3	14	193	0	0
0.405	1	0	41	6	4	20	389	0	0
0.405	1	0	41	6	5	22	349	0	0
0.303	1	0	31	4	1	8	421	0	0
0.406	1	0	41	7	1	8	389	0	0
0.406	1	0	41	7	2	28	185	0	0
0.407	1	0	41	8	3	14	389	0	0
0.304	1	0	31	5	3	14	775	0	0
0.407	1	0	41	8	4	20	293	0	0
0.407	1	0	41	8	5	22	349	0	0
0.305	1	0	31	6	4	20	1191	0	0
0.408	1	0	41	9	1	8	317	0	0
0.408	1	0	41	9	2	28	373	0	0
0.408	1	0	41	9	5	22	113	0	0
0.409	1	0	41	10	1	8	32	0	0
0.409	1	0	41	10	3	14	317	0	0
0.409	1	0	41	10	4	20	389	0	0
0.409	1	0	41	10	5	22	233	0	0
0.306	1	0	31	7	1	8	421	0	0
0.41	1	0	42	1	1	8	317	0	0
0.41	1	0	42	1	2	28	373	0	0
0.41	1	0	42	1	5	22	113	0	0
0.307	1	0	31	8	2	28	2196	0	0
0.411	1	0	42	2	3	14	389	0	0
0.411	1	0	42	2	4	20	293	0	0
0.411	1	0	42	2	5	22	349	0	0
0.308	1	0	31	9	3	14	775	0	0
0.412	1	0	42	3	1	8	349	0	0
0.412	1	0	42	3	2	28	373	0	0
0.309	1	0	31	10	1	8	421	0	0
0.413	1	0	42	4	3	14	317	0	0
0.413	1	0	42	4	4	20	389	0	0
0.413	1	0	42	4	5	22	349	0	0
0.31	1	0	32	1	5	22	1383	0	0
0.414	1	0	42	5	1	8	349	0	0
0.414	1	0	42	5	2	28	373	0	0
0.311	1	0	32	2	1	8	421	0	0
0.415	1	0	42	6	3	14	389	0	0
0.415	1	0	42	6	4	20	389	0	0
0.415	1	0	42	6	5	22	233	0	0
0.312	1	0	32	3	4	20	1191	0	0
0.416	1	0	42	7	1	8	349	0	0
0.416	1	0	42	7	2	28	373	0	0
0.313	1	0	32	4	3	14	775	0	0
0.417	1	0	42	8	3	14	317	0	0
0.417	1	0	42	8	4	20	293	0	0
0.417	1	0	42	8	5	22	469	0	0
0.314	1	0	32	5	1	8	421	0	0
0.418	1	0	42	9	1	8	349	0	0
0.418	1	0	42	9	2	28	373	0	0
0.315	1	0	32	6	1	8	421	0	0
0.419	1	0	42	10	3	14	389	0	0
0.419	1	0	42	10	4	20	389	0	0
0.419	1	0	42	10	5	22	233	0	0
0.42	1	0	43	1	1	8	349	0	0
0.42	1	0	43	1	2	28	373	0	0
0.316	1	0	32	7	5	22	1383	0	0
0.421	1	0	43	2	3	14	317	0	0
0.421	1	0	43	2	4	20	293	0	0
0.421	1	0	43	2	5	22	469	0	0
0.317	1	0	32	8	3	14	775	0	0
0.422	1	0	43	3	1	8	349	0	0
0.422	1	0	43	3	2	28	373	0	0
0.318	1	0	32	9	1	8	421	0	0
0.423	1	0	43	4	3	14	317	0	0
0.423	1	0	43	4	4	20	389	0	0
0.423	1	0	43	4	5	22	349	0	0
0.319	1	0	32	10	4	20	1191	0	0
0.424	1	0	43	5	1	8	349	0	0
0.424	1	0	43	5	3	14	125	0	0
0.32	1	0	33	1	2	28	2196	0	0
0.425	1	0	43	6	2	28	373	0	0
0.425	1	0	43	6	3	14	253	0	0
0.425	1	0	43	6	4	20	389	0	0
0.425	1	0	43	6	5	22	233	0	0
0.321	1	0	33	2	1	8	421	0	0
0.426	1	0	43	7	1	8	349	0	0
0.426	1	0	43	7	5	22	233	0	0
0.322	1	0	33	3	3	14	775	0	0
0.427	1	0	43	8	1	8	32	0	0
0.427	1	0	43	8	2	28	373	0	0
0.427	1	0	43	8	3	14	389	0	0
0.427	1	0	43	8	4	20	293	0	0
0.323	1	0	33	4	1	8	421	0	0
0.428	1	0	43	9	1	8	317	0	0
0.428	1	0	43	9	5	22	349	0	0
0.324	1	0	33	5	5	22	1383	0	0
0.429	1	0	43	10	1	8	32	0	0
0.429	1	0	43	10	2	28	373	0	0
0.429	1	0	43	10	3	14	317	0	0
0.429	1	0	43	10	4	20	389	0	0
0.325	1	0	33	6	4	20	1191	0	0
0.43	1	0	44	1	1	8	317	0	0
0.43	1	0	44	1	5	22	349	0	0
0.431	1	0	44	2	1	8	32	0	0
0.431	1	0	44	2	2	28	373	0	0
0.431	1	0	44	2	3	14	389	0	0
0.431	1	0	44	2	4	20	293	0	0
0.326	1	0	33	7	1	8	421	0	0
0.432	1	0	44	3	1	8	317	0	0
0.432	1	0	44	3	5	22	349	0	0
0.327	1	0	33	8	3	14	775	0	0
0.433	1	0	44	4	1	8	32	0	0
0.433	1	0	44	4	2	28	373	0	0
0.433	1	0	44	4	3	14	317	0	0
0.433	1	0	44	4	4	20	389	0	0
0.328	1	0	33	9	1	8	421	0	0
0.329	1	0	33	10	3	14	775	0	0
0.434	1	0	44	5	1	8	317	0	0
0.434	1	0	44	5	5	22	349	0	0
0.435	1	0	44	6	1	8	32	0	0
0.435	1	0	44	6	2	28	373	0	0
0.435	1	0	44	6	3	14	317	0	0
0.435	1	0	44	6	4	20	389	0	0
0.33	1	0	34	1	1	8	421	0	0
0.436	1	0	44	7	1	8	317	0	0
0.436	1	0	44	7	5	22	349	0	0
0.331	1	0	34	2	2	28	2196	0	0
0.437	1	0	44	8	1	8	32	0	0
0.437	1	0	44	8	2	28	373	0	0
0.437	1	0	44	8	3	14	389	0	0
0.437	1	0	44	8	4	20	293	0	0
0.332	1	0	34	3	4	20	1191	0	0
0.438	1	0	44	9	1	8	317	0	0
0.438	1	0	44	9	5	22	349	0	0
0.333	1	0	34	4	5	22	1383	0	0
0.439	1	0	44	10	1	8	67	0	0
0.439	1	0	44	10	2	28	185	0	0
0.439	1	0	44	10	3	14	317	0	0
0.439	1	0	44	10	4	20	389	0	0
0.334	1	0	34	5	1	8	421	0	0
0.44	1	0	45	1	1	8	317	0	0
0.44	1	0	45	1	5	22	349	0	0
0.335	1	0	34	6	3	14	775	0	0
0.441	1	0	45	2	2	28	373	0	0
0.441	1	0	45	2	3	14	389	0	0
0.336	1	0	34	7	1	8	421	0	0
0.337	1	0	34	8	1	8	421	0	0
0.441	1	0	45	2	4	20	389	0	0
0.338	1	0	34	9	4	20	1191	0	0
0.339	1	0	34	10	3	14	775	0	0
0.34	1	0	35	1	5	22	1383	0	0
0.341	1	0	35	2	1	8	421	0	0
0.442	1	0	45	3	1	8	317	0	0
0.442	1	0	45	3	5	22	349	0	0
0.342	1	0	35	3	1	8	421	0	0
0.443	1	0	45	4	1	8	67	0	0
0.443	1	0	45	4	2	28	373	0	0
0.443	1	0	45	4	3	14	317	0	0
0.443	1	0	45	4	4	20	293	0	0
0.343	1	0	35	4	2	28	2196	0	0
0.444	1	0	45	5	1	8	317	0	0
0.444	1	0	45	5	5	22	349	0	0
0.344	1	0	35	5	3	14	775	0	0
0.445	1	0	45	6	2	28	373	0	0
0.445	1	0	45	6	3	14	389	0	0
0.445	1	0	45	6	4	20	389	0	0
0.345	1	0	35	6	1	8	421	0	0
0.346	1	0	35	7	4	20	1191	0	0
0.347	1	0	35	8	1	8	421	0	0
0.348	1	0	35	9	5	22	1383	0	0
0.446	1	0	45	7	1	8	317	0	0
0.446	1	0	45	7	5	22	349	0	0
0.349	1	0	35	10	3	14	775	0	0
0.447	1	0	45	8	1	8	67	0	0
0.447	1	0	45	8	2	28	373	0	0
0.447	1	0	45	8	3	14	317	0	0
0.447	1	0	45	8	4	20	293	0	0
0.35	1	0	36	1	1	8	421	0	0
0.448	1	0	45	9	1	8	317	0	0
0.448	1	0	45	9	5	22	349	0	0
0.351	1	0	36	2	4	20	1191	0	0
0.449	1	0	45	10	2	28	373	0	0
0.449	1	0	45	10	3	14	389	0	0
0.449	1	0	45	10	4	20	389	0	0
0.352	1	0	36	3	1	8	421	0	0
0.45	1	0	46	1	1	8	317	0	0
0.45	1	0	46	1	5	22	349	0	0
0.353	1	0	36	4	3	14	775	0	0
0.451	1	0	46	2	1	8	67	0	0
0.451	1	0	46	2	2	28	373	0	0
0.451	1	0	46	2	3	14	317	0	0
0.451	1	0	46	2	4	20	293	0	0
0.354	1	0	36	5	1	8	421	0	0
0.355	1	0	36	6	2	28	2196	0	0
0.452	1	0	46	3	1	8	317	0	0
0.452	1	0	46	3	5	22	349	0	0
0.356	1	0	36	7	5	22	1383	0	0
0.453	1	0	46	4	2	28	373	0	0
0.453	1	0	46	4	3	14	389	0	0
0.453	1	0	46	4	4	20	389	0	0
0.357	1	0	36	8	3	14	775	0	0
0.454	1	0	46	5	1	8	317	0	0
0.454	1	0	46	5	5	22	349	0	0
0.358	1	0	36	9	1	8	421	0	0
0.455	1	0	46	6	1	8	32	0	0
0.455	1	0	46	6	2	28	373	0	0
0.455	1	0	46	6	3	14	317	0	0
0.455	1	0	46	6	4	20	389	0	0
0.359	1	0	36	10	4	20	1191	0	0
0.456	1	0	46	7	1	8	317	0	0
0.456	1	0	46	7	5	22	349	0	0
0.36	1	0	37	1	1	8	421	0	0
0.457	1	0	46	8	1	8	101	0	0
0.457	1	0	46	8	2	28	185	0	0
0.457	1	0	46	8	3	14	317	0	0
0.457	1	0	46	8	4	20	293	0	0
0.361	1	0	37	2	3	14	775	0	0
0.458	1	0	46	9	1	8	277	0	0
0.458	1	0	46	9	3	14	61	0	0
0.458	1	0	46	9	5	22	349	0	0
0.362	1	0	37	3	1	8	421	0	0
0.459	1	0	46	10	1	8	32	0	0
0.459	1	0	46	10	2	28	373	0	0
0.459	1	0	46	10	3	14	317	0	0
0.459	1	0	46	10	4	20	389	0	0
0.363	1	0	37	4	5	22	1383	0	0
0.46	1	0	47	1	1	8	317	0	0
0.46	1	0	47	1	5	22	349	0	0
0.364	1	0	37	5	1	8	421	0	0
0.461	1	0	47	2	2	28	373	0	0
0.461	1	0	47	2	3	14	389	0	0
0.461	1	0	47	2	4	20	389	0	0
0.365	1	0	37	6	4	20	1191	0	0
0.462	1	0	47	3	1	8	317	0	0
0.462	1	0	47	3	5	22	349	0	0
0.366	1	0	37	7	3	14	775	0	0
0.367	1	0	37	8	1	8	421	0	0
0.463	1	0	47	4	1	8	67	0	0
0.463	1	0	47	4	2	28	373	0	0
0.463	1	0	47	4	3	14	317	0	0
0.463	1	0	47	4	4	20	293	0	0
0.368	1	0	37	9	2	28	2196	0	0
0.464	1	0	47	5	1	8	317	0	0
0.464	1	0	47	5	5	22	349	0	0
0.369	1	0	37	10	1	8	421	0	0
0.465	1	0	47	6	2	28	373	0	0
0.465	1	0	47	6	3	14	389	0	0
0.465	1	0	47	6	4	20	389	0	0
0.37	1	0	38	1	3	14	775	0	0
0.466	1	0	47	7	1	8	317	0	0
0.466	1	0	47	7	5	22	349	0	0
0.371	1	0	38	2	5	22	1383	0	0
0.467	1	0	47	8	1	8	67	0	0
0.467	1	0	47	8	2	28	373	0	0
0.467	1	0	47	8	3	14	317	0	0
0.467	1	0	47	8	4	20	293	0	0
0.372	1	0	38	3	1	8	421	0	0
0.468	1	0	47	9	1	8	317	0	0
0.468	1	0	47	9	5	22	349	0	0
0.373	1	0	38	4	4	20	1191	0	0
0.469	1	0	47	10	2	28	373	0	0
0.469	1	0	47	10	3	14	389	0	0
0.469	1	0	47	10	4	20	389	0	0
0.374	1	0	38	5	1	8	421	0	0
0.47	1	0	48	1	1	8	317	0	0
0.47	1	0	48	1	5	22	349	0	0
0.375	1	0	38	6	3	14	775	0	0
0.471	1	0	48	2	1	8	67	0	0
0.471	1	0	48	2	2	28	373	0	0
0.471	1	0	48	2	3	14	317	0	0
0.471	1	0	48	2	4	20	293	0	0
0.376	1	0	38	7	1	8	421	0	0
0.472	1	0	48	3	1	8	317	0	0
0.472	1	0	48	3	5	22	349	0	0
0.377	1	0	38	8	5	22	1383	0	0
0.378	1	0	38	9	4	20	1191	0	0
0.473	1	0	48	4	2	28	373	0	0
0.473	1	0	48	4	3	14	389	0	0
0.473	1	0	48	4	4	20	389	0	0
0.379	1	0	38	10	1	8	421	0	0
0.474	1	0	48	5	1	8	317	0	0
0.474	1	0	48	5	5	22	349	0	0
0.38	1	0	39	1	3	14	775	0	0
0.475	1	0	48	6	1	8	101	0	0
0.475	1	0	48	6	3	14	317	0	0
0.475	1	0	48	6	4	20	389	0	0
0.381	1	0	39	2	2	28	2196	0	0
0.382	1	0	39	3	1	8	421	0	0
0.383	1	0	39	4	3	14	775	0	0
0.476	1	0	48	7	1	8	241	0	0
0.476	1	0	48	7	2	28	373	0	0
0.476	1	0	48	7	5	22	349	0	0
0.384	1	0	39	5	1	8	421	0	0
0.477	1	0	48	8	1	8	137	0	0
0.477	1	0	48	8	3	14	317	0	0
0.477	1	0	48	8	4	20	293	0	0
0.385	1	0	39	6	4	20	1191	0	0
0.386	1	0	39	7	1	8	421	0	0
0.387	1	0	39	8	5	22	1383	0	0
0.478	1	0	48	9	1	8	241	0	0
0.478	1	0	48	9	2	28	373	0	0
0.478	1	0	48	9	5	22	349	0	0
0.388	1	0	39	9	3	14	775	0	0
0.479	1	0	48	10	1	8	67	0	0
0.479	1	0	48	10	3	14	389	0	0
0.479	1	0	48	10	4	20	389	0	0
0.48	1	0	49	1	1	8	241	0	0
0.48	1	0	49	1	2	28	373	0	0
0.389	1	0	39	10	1	8	421	0	0
0.48	1	0	49	1	5	22	349	0	0
0.481	1	0	49	2	1	8	137	0	0
0.481	1	0	49	2	3	14	317	0	0
0.481	1	0	49	2	4	20	293	0	0
0.39	1	0	40	1	1	8	421	0	0
0.482	1	0	49	3	1	8	241	0	0
0.482	1	0	49	3	2	28	373	0	0
0.482	1	0	49	3	5	22	349	0	0
0.391	1	0	40	2	2	28	2196	0	0
0.483	1	0	49	4	1	8	67	0	0
0.483	1	0	49	4	3	14	389	0	0
0.483	1	0	49	4	4	20	389	0	0
0.392	1	0	40	3	4	20	1191	0	0
0.484	1	0	49	5	1	8	241	0	0
0.484	1	0	49	5	2	28	373	0	0
0.484	1	0	49	5	5	22	349	0	0
0.393	1	0	40	4	3	14	775	0	0
0.485	1	0	49	6	1	8	173	0	0
0.485	1	0	49	6	3	14	253	0	0
0.485	1	0	49	6	4	20	293	0	0
0.486	1	0	49	7	1	8	209	0	0
0.486	1	0	49	7	2	28	373	0	0
0.486	1	0	49	7	3	14	61	0	0
0.486	1	0	49	7	5	22	349	0	0
0.394	1	0	40	5	1	8	421	0	0
0.487	1	0	49	8	1	8	101	0	0
0.487	1	0	49	8	3	14	317	0	0
0.487	1	0	49	8	4	20	389	0	0
0.395	1	0	40	6	5	22	1383	0	0
0.488	1	0	49	9	1	8	241	0	0
0.488	1	0	49	9	2	28	373	0	0
0.488	1	0	49	9	5	22	349	0	0
0.396	1	0	40	7	1	8	421	0	0
0.489	1	0	49	10	1	8	67	0	0
0.489	1	0	49	10	3	14	389	0	0
0.489	1	0	49	10	4	20	389	0	0
0.397	1	0	40	8	3	14	775	0	0
0.49	1	0	50	1	1	8	317	0	0
0.49	1	0	50	1	5	22	349	0	0
0.398	1	0	40	9	1	8	421	0	0
0.491	1	0	50	2	2	28	549	0	0
0.491	1	0	50	2	3	14	389	0	0
0.491	1	0	50	2	4	20	293	0	0
0.492	1	0	50	3	1	8	317	0	0
0.399	1	0	40	10	4	20	1191	0	0
0.492	1	0	50	3	5	22	349	0	0
0.4	1	0	41	1	1	8	421	0	0
0.493	1	0	50	4	1	8	101	0	0
0.493	1	0	50	4	3	14	317	0	0
0.493	1	0	50	4	4	20	389	0	0
0.401	1	0	41	2	3	14	775	0	0
0.494	1	0	50	5	1	8	241	0	0
0.494	1	0	50	5	2	28	373	0	0
0.494	1	0	50	5	5	22	349	0	0
0.402	1	0	41	3	5	22	1383	0	0
0.495	1	0	50	6	1	8	137	0	0
0.495	1	0	50	6	3	14	317	0	0
0.495	1	0	50	6	4	20	293	0	0
0.403	1	0	41	4	1	8	421	0	0
0.496	1	0	50	7	1	8	241	0	0
0.404	1	0	41	5	2	28	2196	0	0
0.496	1	0	50	7	2	28	373	0	0
0.496	1	0	50	7	5	22	349	0	0
0.405	1	0	41	6	1	8	421	0	0
0.497	1	0	50	8	1	8	67	0	0
0.497	1	0	50	8	3	14	389	0	0
0.497	1	0	50	8	4	20	389	0	0
0.406	1	0	41	7	3	14	775	0	0
0.498	1	0	50	9	1	8	241	0	0
0.498	1	0	50	9	2	28	373	0	0
0.407	1	0	41	8	4	20	1191	0	0
0.498	1	0	50	9	5	22	349	0	0
0.408	1	0	41	9	1	8	421	0	0
0.499	1	0	50	10	1	8	137	0	0
0.499	1	0	50	10	3	14	317	0	0
0.499	1	0	50	10	4	20	293	0	0
0.409	1	0	41	10	5	22	1383	0	0
0.41	1	0	42	1	3	14	775	0	0
0.5	1	0	51	1	1	8	241	0	0
0.5	1	0	51	1	2	28	373	0	0
0.5	1	0	51	1	5	22	349	0	0
0.411	1	0	42	2	1	8	421	0	0
0.501	1	0	51	2	1	8	67	0	0
0.501	1	0	51	2	3	14	389	0	0
0.501	1	0	51	2	4	20	389	0	0
0.412	1	0	42	3	4	20	1191	0	0
0.413	1	0	42	4	1	8	421	0	0
0.502	1	0	51	3	1	8	241	0	0
0.502	1	0	51	3	2	28	373	0	0
0.502	1	0	51	3	5	22	349	0	0
0.414	1	0	42	5	3	14	775	0	0
0.503	1	0	51	4	1	8	173	0	0
0.503	1	0	51	4	3	14	253	0	0
0.503	1	0	51	4	4	20	293	0	0
0.415	1	0	42	6	1	8	421	0	0
0.416	1	0	42	7	2	28	2196	0	0
0.504	1	0	51	5	1	8	209	0	0
0.504	1	0	51	5	2	28	185	0	0
0.504	1	0	51	5	3	14	125	0	0
0.504	1	0	51	5	5	22	349	0	0
0.417	1	0	42	8	5	22	1383	0	0
0.505	1	0	51	6	1	8	32	0	0
0.505	1	0	51	6	2	28	373	0	0
0.505	1	0	51	6	3	14	317	0	0
0.505	1	0	51	6	4	20	389	0	0
0.418	1	0	42	9	1	8	421	0	0
0.419	1	0	42	10	3	14	775	0	0
0.506	1	0	51	7	1	8	317	0	0
0.506	1	0	51	7	5	22	349	0	0
0.42	1	0	43	1	4	20	1191	0	0
0.421	1	0	43	2	1	8	421	0	0
0.507	1	0	51	8	1	8	67	0	0
0.507	1	0	51	8	2	28	185	0	0
0.507	1	0	51	8	3	14	317	0	0
0.507	1	0	51	8	4	20	389	0	0
0.422	1	0	43	3	1	8	421	0	0
0.508	1	0	51	9	1	8	317	0	0
0.508	1	0	51	9	5	22	349	0	0
0.423	1	0	43	4	3	14	775	0	0
0.424	1	0	43	5	1	8	421	0	0
0.509	1	0	51	10	2	28	373	0	0
0.509	1	0	51	10	3	14	389	0	0
0.509	1	0	51	10	4	20	389	0	0
0.425	1	0	43	6	5	22	1383	0	0
0.426	1	0	43	7	4	20	1191	0	0
0.51	1	0	52	1	1	8	317	0	0
0.51	1	0	52	1	5	22	349	0	0
0.427	1	0	43	8	1	8	421	0	0
0.511	1	0	52	2	1	8	67	0	0
0.511	1	0	52	2	2	28	373	0	0
0.511	1	0	52	2	3	14	317	0	0
0.511	1	0	52	2	4	20	293	0	0
0.428	1	0	43	9	2	28	2196	0	0
0.429	1	0	43	10	3	14	775	0	0
0.512	1	0	52	3	1	8	317	0	0
0.512	1	0	52	3	5	22	349	0	0
0.43	1	0	44	1	1	8	421	0	0
0.513	1	0	52	4	2	28	373	0	0
0.513	1	0	52	4	3	14	389	0	0
0.513	1	0	52	4	4	20	389	0	0
0.431	1	0	44	2	3	14	775	0	0
0.514	1	0	52	5	1	8	317	0	0
0.514	1	0	52	5	5	22	349	0	0
0.432	1	0	44	3	1	8	421	0	0
0.515	1	0	52	6	1	8	67	0	0
0.515	1	0	52	6	2	28	373	0	0
0.515	1	0	52	6	3	14	317	0	0
0.515	1	0	52	6	4	20	293	0	0
0.433	1	0	44	4	4	20	1191	0	0
0.516	1	0	52	7	1	8	317	0	0
0.516	1	0	52	7	5	22	349	0	0
0.434	1	0	44	5	5	22	1383	0	0
0.517	1	0	52	8	2	28	373	0	0
0.517	1	0	52	8	3	14	389	0	0
0.517	1	0	52	8	4	20	389	0	0
0.435	1	0	44	6	1	8	421	0	0
0.518	1	0	52	9	1	8	317	0	0
0.518	1	0	52	9	5	22	349	0	0
0.436	1	0	44	7	3	14	775	0	0
0.519	1	0	52	10	1	8	67	0	0
0.519	1	0	52	10	2	28	373	0	0
0.519	1	0	52	10	3	14	317	0	0
0.519	1	0	52	10	4	20	293	0	0
0.437	1	0	44	8	1	8	421	0	0
0.52	1	0	53	1	1	8	317	0	0
0.52	1	0	53	1	5	22	349	0	0
0.438	1	0	44	9	4	20	1191	0	0
0.521	1	0	53	2	2	28	373	0	0
0.521	1	0	53	2	3	14	389	0	0
0.521	1	0	53	2	4	20	389	0	0
0.439	1	0	44	10	1	8	421	0	0
0.522	1	0	53	3	1	8	317	0	0
0.522	1	0	53	3	5	22	349	0	0
0.44	1	0	45	1	2	28	2196	0	0
0.523	1	0	53	4	1	8	32	0	0
0.523	1	0	53	4	2	28	373	0	0
0.523	1	0	53	4	3	14	317	0	0
0.523	1	0	53	4	4	20	389	0	0
0.441	1	0	45	2	5	22	1383	0	0
0.524	1	0	53	5	1	8	317	0	0
0.524	1	0	53	5	5	22	349	0	0
0.442	1	0	45	3	3	14	775	0	0
0.525	1	0	53	6	1	8	101	0	0
0.525	1	0	53	6	2	28	185	0	0
0.525	1	0	53	6	3	14	317	0	0
0.525	1	0	53	6	4	20	293	0	0
0.443	1	0	45	4	1	8	421	0	0
0.526	1	0	53	7	1	8	277	0	0
0.526	1	0	53	7	2	28	185	0	0
0.526	1	0	53	7	5	22	349	0	0
0.444	1	0	45	5	1	8	421	0	0
0.527	1	0	53	8	2	28	185	0	0
0.527	1	0	53	8	3	14	389	0	0
0.527	1	0	53	8	4	20	389	0	0
0.527	1	0	53	8	5	22	113	0	0
0.445	1	0	45	6	3	14	775	0	0
0.528	1	0	53	9	1	8	349	0	0
0.528	1	0	53	9	5	22	233	0	0
0.446	1	0	45	7	4	20	1191	0	0
0.529	1	0	53	10	2	28	373	0	0
0.529	1	0	53	10	3	14	317	0	0
0.529	1	0	53	10	4	20	389	0	0
0.529	1	0	53	10	5	22	113	0	0
0.447	1	0	45	8	1	8	421	0	0
0.53	1	0	54	1	1	8	349	0	0
0.53	1	0	54	1	5	22	233	0	0
0.448	1	0	45	9	5	22	1383	0	0
0.531	1	0	54	2	2	28	373	0	0
0.531	1	0	54	2	3	14	389	0	0
0.531	1	0	54	2	4	20	293	0	0
0.531	1	0	54	2	5	22	113	0	0
0.449	1	0	45	10	1	8	421	0	0
0.532	1	0	54	3	1	8	349	0	0
0.532	1	0	54	3	5	22	233	0	0
0.45	1	0	46	1	3	14	775	0	0
0.451	1	0	46	2	1	8	421	0	0
0.533	1	0	54	4	2	28	373	0	0
0.533	1	0	54	4	3	14	317	0	0
0.533	1	0	54	4	4	20	389	0	0
0.533	1	0	54	4	5	22	113	0	0
0.452	1	0	46	3	2	28	2196	0	0
0.534	1	0	54	5	1	8	349	0	0
0.534	1	0	54	5	5	22	233	0	0
0.453	1	0	46	4	4	20	1191	0	0
0.535	1	0	54	6	2	28	373	0	0
0.535	1	0	54	6	3	14	389	0	0
0.535	1	0	54	6	4	20	293	0	0
0.535	1	0	54	6	5	22	113	0	0
0.454	1	0	46	5	1	8	421	0	0
0.455	1	0	46	6	3	14	775	0	0
0.536	1	0	54	7	1	8	349	0	0
0.536	1	0	54	7	5	22	233	0	0
0.456	1	0	46	7	5	22	1383	0	0
0.537	1	0	54	8	2	28	373	0	0
0.537	1	0	54	8	3	14	317	0	0
0.537	1	0	54	8	4	20	389	0	0
0.537	1	0	54	8	5	22	113	0	0
0.457	1	0	46	8	1	8	421	0	0
0.458	1	0	46	9	3	14	775	0	0
0.538	1	0	54	9	1	8	349	0	0
0.538	1	0	54	9	5	22	233	0	0
0.459	1	0	46	10	1	8	421	0	0
0.539	1	0	54	10	2	28	373	0	0
0.539	1	0	54	10	3	14	317	0	0
0.539	1	0	54	10	4	20	293	0	0
0.539	1	0	54	10	5	22	233	0	0
0.46	1	0	47	1	4	20	1191	0	0
0.461	1	0	47	2	1	8	421	0	0
0.54	1	0	55	1	1	8	349	0	0
0.54	1	0	55	1	3	14	125	0	0
0.462	1	0	47	3	3	14	775	0	0
0.463	1	0	47	4	1	8	421	0	0
0.541	1	0	55	2	2	28	185	0	0
0.541	1	0	55	2	3	14	253	0	0
0.541	1	0	55	2	4	20	389	0	0
0.541	1	0	55	2	5	22	349	0	0
0.464	1	0	47	5	2	28	2196	0	0
0.542	1	0	55	3	1	8	349	0	0
0.542	1	0	55	3	2	28	373	0	0
0.465	1	0	47	6	5	22	1383	0	0
0.466	1	0	47	7	4	20	1191	0	0
0.543	1	0	55	4	3	14	317	0	0
0.543	1	0	55	4	4	20	389	0	0
0.543	1	0	55	4	5	22	349	0	0
0.467	1	0	47	8	1	8	421	0	0
0.544	1	0	55	5	1	8	349	0	0
0.544	1	0	55	5	3	14	125	0	0
0.468	1	0	47	9	3	14	775	0	0
0.469	1	0	47	10	1	8	421	0	0
0.545	1	0	55	6	2	28	373	0	0
0.545	1	0	55	6	3	14	253	0	0
0.545	1	0	55	6	4	20	293	0	0
0.545	1	0	55	6	5	22	349	0	0
0.47	1	0	48	1	1	8	421	0	0
0.546	1	0	55	7	1	8	349	0	0
0.546	1	0	55	7	3	14	125	0	0
0.471	1	0	48	2	5	22	1383	0	0
0.547	1	0	55	8	2	28	373	0	0
0.547	1	0	55	8	3	14	193	0	0
0.547	1	0	55	8	4	20	389	0	0
0.547	1	0	55	8	5	22	349	0	0
0.472	1	0	48	3	3	14	775	0	0
0.548	1	0	55	9	1	8	317	0	0
0.548	1	0	55	9	3	14	193	0	0
0.473	1	0	48	4	4	20	1191	0	0
0.549	1	0	55	10	1	8	137	0	0
0.549	1	0	55	10	2	28	373	0	0
0.549	1	0	55	10	4	20	293	0	0
0.549	1	0	55	10	5	22	349	0	0
0.474	1	0	48	5	1	8	421	0	0
0.55	1	0	56	1	1	8	209	0	0
0.55	1	0	56	1	3	14	389	0	0
0.475	1	0	48	6	1	8	421	0	0
0.551	1	0	56	2	1	8	101	0	0
0.551	1	0	56	2	2	28	373	0	0
0.551	1	0	56	2	4	20	389	0	0
0.551	1	0	56	2	5	22	349	0	0
0.476	1	0	48	7	2	28	2196	0	0
0.552	1	0	56	3	1	8	241	0	0
0.552	1	0	56	3	3	14	317	0	0
0.477	1	0	48	8	3	14	775	0	0
0.553	1	0	56	4	1	8	137	0	0
0.553	1	0	56	4	2	28	373	0	0
0.553	1	0	56	4	4	20	293	0	0
0.553	1	0	56	4	5	22	349	0	0
0.478	1	0	48	9	1	8	421	0	0
0.479	1	0	48	10	5	22	1383	0	0
0.554	1	0	56	5	1	8	241	0	0
0.554	1	0	56	5	3	14	317	0	0
0.48	1	0	49	1	4	20	1191	0	0
0.555	1	0	56	6	2	28	373	0	0
0.555	1	0	56	6	3	14	193	0	0
0.555	1	0	56	6	4	20	389	0	0
0.555	1	0	56	6	5	22	349	0	0
0.481	1	0	49	2	1	8	421	0	0
0.556	1	0	56	7	1	8	349	0	0
0.556	1	0	56	7	3	14	125	0	0
0.482	1	0	49	3	3	14	775	0	0
0.483	1	0	49	4	1	8	421	0	0
0.557	1	0	56	8	2	28	185	0	0
0.557	1	0	56	8	3	14	253	0	0
0.557	1	0	56	8	4	20	389	0	0
0.557	1	0	56	8	5	22	349	0	0
0.484	1	0	49	5	3	14	775	0	0
0.558	1	0	56	9	1	8	349	0	0
0.558	1	0	56	9	2	28	373	0	0
0.485	1	0	49	6	1	8	421	0	0
0.559	1	0	56	10	3	14	389	0	0
0.559	1	0	56	10	4	20	293	0	0
0.559	1	0	56	10	5	22	349	0	0
0.486	1	0	49	7	4	20	1191	0	0
0.487	1	0	49	8	5	22	1383	0	0
0.56	1	0	57	1	1	8	389	0	0
0.56	1	0	57	1	2	28	185	0	0
0.488	1	0	49	9	2	28	2196	0	0
0.561	1	0	57	2	3	14	317	0	0
0.561	1	0	57	2	4	20	389	0	0
0.561	1	0	57	2	5	22	349	0	0
0.489	1	0	49	10	1	8	421	0	0
0.49	1	0	50	1	3	14	775	0	0
0.562	1	0	57	3	1	8	349	0	0
0.562	1	0	57	3	2	28	373	0	0
0.491	1	0	50	2	1	8	421	0	0
0.492	1	0	50	3	1	8	421	0	0
0.563	1	0	57	4	3	14	317	0	0
0.563	1	0	57	4	4	20	389	0	0
0.563	1	0	57	4	5	22	349	0	0
0.493	1	0	50	4	4	20	1191	0	0
0.494	1	0	50	5	3	14	775	0	0
0.564	1	0	57	5	1	8	317	0	0
0.564	1	0	57	5	2	28	373	0	0
0.564	1	0	57	5	3	14	61	0	0
0.495	1	0	50	6	5	22	1383	0	0
0.565	1	0	57	6	1	8	32	0	0
0.565	1	0	57	6	3	14	317	0	0
0.565	1	0	57	6	4	20	293	0	0
0.565	1	0	57	6	5	22	349	0	0
0.496	1	0	50	7	1	8	421	0	0
0.497	1	0	50	8	1	8	421	0	0
0.566	1	0	57	7	1	8	349	0	0
0.566	1	0	57	7	2	28	373	0	0
0.498	1	0	50	9	3	14	775	0	0
0.567	1	0	57	8	3	14	317	0	0
0.567	1	0	57	8	4	20	389	0	0
0.567	1	0	57	8	5	22	349	0	0
0.499	1	0	50	10	4	20	1191	0	0
0.568	1	0	57	9	1	8	317	0	0
0.568	1	0	57	9	2	28	373	0	0
0.568	1	0	57	9	3	14	61	0	0
0.5	1	0	51	1	2	28	2196	0	0
0.569	1	0	57	10	1	8	32	0	0
0.569	1	0	57	10	3	14	317	0	0
0.569	1	0	57	10	4	20	293	0	0
0.569	1	0	57	10	5	22	349	0	0
0.501	1	0	51	2	1	8	421	0	0
0.57	1	0	58	1	1	8	349	0	0
0.57	1	0	58	1	2	28	373	0	0
0.502	1	0	51	3	1	8	421	0	0
0.503	1	0	51	4	5	22	1383	0	0
0.571	1	0	58	2	3	14	317	0	0
0.571	1	0	58	2	4	20	389	0	0
0.571	1	0	58	2	5	22	349	0	0
0.504	1	0	51	5	3	14	775	0	0
0.572	1	0	58	3	1	8	317	0	0
0.572	1	0	58	3	2	28	373	0	0
0.572	1	0	58	3	3	14	61	0	0
0.505	1	0	51	6	1	8	421	0	0
0.506	1	0	51	7	4	20	1191	0	0
0.573	1	0	58	4	3	14	317	0	0
0.573	1	0	58	4	4	20	389	0	0
0.573	1	0	58	4	5	22	349	0	0
0.507	1	0	51	8	3	14	775	0	0
0.574	1	0	58	5	1	8	349	0	0
0.574	1	0	58	5	2	28	373	0	0
0.575	1	0	58	6	3	14	389	0	0
0.575	1	0	58	6	4	20	293	0	0
0.575	1	0	58	6	5	22	349	0	0
0.508	1	0	51	9	1	8	421	0	0
0.509	1	0	51	10	1	8	421	0	0
0.576	1	0	58	7	1	8	349	0	0
0.576	1	0	58	7	2	28	373	0	0
0.51	1	0	52	1	5	22	1383	0	0
0.577	1	0	58	8	3	14	317	0	0
0.577	1	0	58	8	4	20	389	0	0
0.577	1	0	58	8	5	22	349	0	0
0.511	1	0	52	2	3	14	775	0	0
0.578	1	0	58	9	1	8	389	0	0
0.578	1	0	58	9	2	28	185	0	0
0.512	1	0	52	3	2	28	2196	0	0
0.513	1	0	52	4	1	8	421	0	0
0.579	1	0	58	10	3	14	389	0	0
0.579	1	0	58	10	4	20	293	0	0
0.579	1	0	58	10	5	22	349	0	0
0.514	1	0	52	5	4	20	1191	0	0
0.515	1	0	52	6	1	8	421	0	0
0.58	1	0	59	1	1	8	349	0	0
0.58	1	0	59	1	2	28	373	0	0
0.516	1	0	52	7	3	14	775	0	0
0.517	1	0	52	8	1	8	421	0	0
0.581	1	0	59	2	3	14	317	0	0
0.581	1	0	59	2	4	20	389	0	0
0.581	1	0	59	2	5	22	349	0	0
0.518	1	0	52	9	5	22	1383	0	0
0.582	1	0	59	3	1	8	349	0	0
0.582	1	0	59	3	2	28	373	0	0
0.519	1	0	52	10	1	8	421	0	0
0.52	1	0	53	1	4	20	1191	0	0
0.583	1	0	59	4	3	14	317	0	0
0.583	1	0	59	4	4	20	389	0	0
0.583	1	0	59	4	5	22	349	0	0
0.521	1	0	53	2	3	14	775	0	0
0.522	1	0	53	3	1	8	421	0	0
0.584	1	0	59	5	1	8	317	0	0
0.584	1	0	59	5	2	28	373	0	0
0.584	1	0	59	5	3	14	61	0	0
0.523	1	0	53	4	2	28	2196	0	0
0.524	1	0	53	5	1	8	421	0	0
0.585	1	0	59	6	1	8	32	0	0
0.585	1	0	59	6	3	14	317	0	0
0.585	1	0	59	6	4	20	293	0	0
0.585	1	0	59	6	5	22	349	0	0
0.525	1	0	53	6	3	14	775	0	0
0.586	1	0	59	7	1	8	349	0	0
0.586	1	0	59	7	2	28	373	0	0
0.526	1	0	53	7	5	22	1383	0	0
0.527	1	0	53	8	4	20	1191	0	0
0.587	1	0	59	8	3	14	317	0	0
0.587	1	0	59	8	4	20	389	0	0
0.587	1	0	59	8	5	22	349	0	0
0.528	1	0	53	9	1	8	421	0	0
0.529	1	0	53	10	1	8	421	0	0
0.588	1	0	59	9	1	8	317	0	0
0.588	1	0	59	9	2	28	373	0	0
0.588	1	0	59	9	3	14	61	0	0
0.53	1	0	54	1	3	14	775	0	0
0.531	1	0	54	2	1	8	421	0	0
0.589	1	0	59	10	1	8	32	0	0
0.589	1	0	59	10	3	14	317	0	0
0.589	1	0	59	10	4	20	293	0	0
0.589	1	0	59	10	5	22	349	0	0
0.532	1	0	54	3	4	20	1191	0	0
0.59	1	0	60	1	1	8	349	0	0
0.59	1	0	60	1	2	28	373	0	0
0.533	1	0	54	4	5	22	1383	0	0
0.591	1	0	60	2	3	14	317	0	0
0.591	1	0	60	2	4	20	389	0	0
0.591	1	0	60	2	5	22	349	0	0
0.534	1	0	54	5	3	14	775	0	0
0.592	1	0	60	3	1	8	317	0	0
0.592	1	0	60	3	2	28	373	0	0
0.592	1	0	60	3	3	14	61	0	0
0.535	1	0	54	6	1	8	421	0	0
0.593	1	0	60	4	3	14	317	0	0
0.593	1	0	60	4	4	20	389	0	0
0.593	1	0	60	4	5	22	349	0	0
0.536	1	0	54	7	2	28	2196	0	0
0.594	1	0	60	5	1	8	349	0	0
0.594	1	0	60	5	2	28	373	0	0
0.537	1	0	54	8	1	8	421	0	0
0.595	1	0	60	6	3	14	389	0	0
0.595	1	0	60	6	4	20	293	0	0
0.595	1	0	60	6	5	22	349	0	0
0.538	1	0	54	9	3	14	775	0	0
0.596	1	0	60	7	1	8	389	0	0
0.596	1	0	60	7	2	28	185	0	0
0.539	1	0	54	10	1	8	421	0	0
0.597	1	0	60	8	3	14	317	0	0
0.597	1	0	60	8	4	20	389	0	0
0.597	1	0	60	8	5	22	349	0	0
0.598	1	0	60	9	1	8	349	0	0
0.598	1	0	60	9	2	28	373	0	0
0.54	1	0	55	1	4	20	1191	0	0
0.599	1	0	60	10	3	14	389	0	0
0.599	1	0	60	10	4	20	293	0	0
0.541	1	0	55	2	1	8	421	0	0
0.599	1	0	60	10	5	22	349	0	0
0.542	1	0	55	3	5	22	1383	0	0
0.6	1	0	61	1	1	8	349	0	0
0.6	1	0	61	1	2	28	373	0	0
0.543	1	0	55	4	3	14	775	0	0
0.544	1	0	55	5	1	8	421	0	0
0.601	1	0	61	2	3	14	317	0	0
0.601	1	0	61	2	4	20	389	0	0
0.601	1	0	61	2	5	22	349	0	0
0.545	1	0	55	6	1	8	421	0	0
0.602	1	0	61	3	1	8	349	0	0
0.602	1	0	61	3	2	28	373	0	0
0.546	1	0	55	7	4	20	1191	0	0
0.603	1	0	61	4	3	14	389	0	0
0.603	1	0	61	4	4	20	293	0	0
0.603	1	0	61	4	5	22	349	0	0
0.547	1	0	55	8	3	14	775	0	0
0.548	1	0	55	9	2	28	2196	0	0
0.604	1	0	61	5	1	8	317	0	0
0.604	1	0	61	5	2	28	373	0	0
0.604	1	0	61	5	4	20	97	0	0
0.549	1	0	55	10	1	8	421	0	0
0.605	1	0	61	6	1	8	32	0	0
0.605	1	0	61	6	3	14	317	0	0
0.605	1	0	61	6	4	20	293	0	0
0.605	1	0	61	6	5	22	349	0	0
0.55	1	0	56	1	5	22	1383	0	0
0.606	1	0	61	7	1	8	349	0	0
0.606	1	0	61	7	2	28	373	0	0
0.551	1	0	56	2	1	8	421	0	0
0.552	1	0	56	3	3	14	775	0	0
0.607	1	0	61	8	3	14	317	0	0
0.607	1	0	61	8	4	20	389	0	0
0.607	1	0	61	8	5	22	349	0	0
0.553	1	0	56	4	4	20	1191	0	0
0.608	1	0	61	9	1	8	317	0	0
0.608	1	0	61	9	2	28	373	0	0
0.554	1	0	56	5	1	8	421	0	0
0.608	1	0	61	9	3	14	61	0	0
0.555	1	0	56	6	1	8	421	0	0
0.609	1	0	61	10	1	8	32	0	0
0.609	1	0	61	10	3	14	317	0	0
0.609	1	0	61	10	4	20	293	0	0
0.609	1	0	61	10	5	22	349	0	0
0.556	1	0	56	7	3	14	775	0	0
0.61	1	0	62	1	1	8	349	0	0
0.61	1	0	62	1	2	28	373	0	0
0.611	1	0	62	2	3	14	317	0	0
0.611	1	0	62	2	4	20	389	0	0
0.611	1	0	62	2	5	22	349	0	0
0.557	1	0	56	8	5	22	1383	0	0
0.612	1	0	62	3	1	8	317	0	0
0.612	1	0	62	3	3	14	193	0	0
0.558	1	0	56	9	1	8	421	0	0
0.613	1	0	62	4	1	8	101	0	0
0.613	1	0	62	4	2	28	373	0	0
0.613	1	0	62	4	4	20	389	0	0
0.613	1	0	62	4	5	22	349	0	0
0.559	1	0	56	10	4	20	1191	0	0
0.614	1	0	62	5	1	8	241	0	0
0.614	1	0	62	5	3	14	317	0	0
0.615	1	0	62	6	1	8	32	0	0
0.615	1	0	62	6	2	28	373	0	0
0.615	1	0	62	6	3	14	193	0	0
0.615	1	0	62	6	4	20	293	0	0
0.615	1	0	62	6	5	22	349	0	0
0.56	1	0	57	1	2	28	2196	0	0
0.616	1	0	62	7	1	8	349	0	0
0.616	1	0	62	7	3	14	125	0	0
0.617	1	0	62	8	2	28	373	0	0
0.617	1	0	62	8	3	14	253	0	0
0.617	1	0	62	8	4	20	293	0	0
0.617	1	0	62	8	5	22	349	0	0
0.561	1	0	57	2	3	14	775	0	0
0.618	1	0	62	9	1	8	349	0	0
0.618	1	0	62	9	4	20	193	0	0
0.562	1	0	57	3	1	8	421	0	0
0.619	1	0	62	10	2	28	373	0	0
0.619	1	0	62	10	3	14	389	0	0
0.619	1	0	62	10	4	20	97	0	0
0.619	1	0	62	10	5	22	349	0	0
0.62	1	0	63	1	1	8	317	0	0
0.62	1	0	63	1	4	20	293	0	0
0.563	1	0	57	4	1	8	421	0	0
0.621	1	0	63	2	1	8	67	0	0
0.621	1	0	63	2	2	28	373	0	0
0.621	1	0	63	2	3	14	317	0	0
0.621	1	0	63	2	5	22	349	0	0
0.564	1	0	57	5	5	22	1383	0	0
0.622	1	0	63	3	1	8	277	0	0
0.622	1	0	63	3	4	20	389	0	0
0.623	1	0	63	4	1	8	67	0	0
0.623	1	0	63	4	2	28	373	0	0
0.623	1	0	63	4	3	14	317	0	0
0.623	1	0	63	4	5	22	349	0	0
0.565	1	0	57	6	3	14	775	0	0
0.624	1	0	63	5	1	8	317	0	0
0.624	1	0	63	5	4	20	293	0	0
0.625	1	0	63	6	2	28	373	0	0
0.625	1	0	63	6	3	14	389	0	0
0.625	1	0	63	6	5	22	469	0	0
0.566	1	0	57	7	1	8	421	0	0
0.626	1	0	63	7	1	8	317	0	0
0.626	1	0	63	7	4	20	293	0	0
0.567	1	0	57	8	4	20	1191	0	0
0.627	1	0	63	8	2	28	373	0	0
0.627	1	0	63	8	3	14	317	0	0
0.627	1	0	63	8	4	20	293	0	0
0.627	1	0	63	8	5	22	233	0	0
0.628	1	0	63	9	1	8	389	0	0
0.628	1	0	63	9	3	14	61	0	0
0.568	1	0	57	9	1	8	421	0	0
0.629	1	0	63	10	2	28	185	0	0
0.629	1	0	63	10	3	14	317	0	0
0.629	1	0	63	10	4	20	293	0	0
0.629	1	0	63	10	5	22	349	0	0
0.63	1	0	64	1	1	8	349	0	0
0.63	1	0	64	1	2	28	185	0	0
0.63	1	0	64	1	5	22	113	0	0
0.569	1	0	57	10	3	14	775	0	0
0.631	1	0	64	2	3	14	389	0	0
0.631	1	0	64	2	4	20	389	0	0
0.631	1	0	64	2	5	22	233	0	0
0.632	1	0	64	3	1	8	349	0	0
0.632	1	0	64	3	2	28	373	0	0
0.57	1	0	58	1	1	8	421	0	0
0.633	1	0	64	4	3	14	317	0	0
0.633	1	0	64	4	4	20	389	0	0
0.633	1	0	64	4	5	22	349	0	0
0.571	1	0	58	2	2	28	2196	0	0
0.634	1	0	64	5	1	8	349	0	0
0.634	1	0	64	5	2	28	373	0	0
0.635	1	0	64	6	3	14	389	0	0
0.635	1	0	64	6	4	20	293	0	0
0.635	1	0	64	6	5	22	349	0	0
0.572	1	0	58	3	5	22	1383	0	0
0.636	1	0	64	7	1	8	349	0	0
0.636	1	0	64	7	2	28	373	0	0
0.637	1	0	64	8	3	14	317	0	0
0.637	1	0	64	8	4	20	389	0	0
0.637	1	0	64	8	5	22	349	0	0
0.573	1	0	58	4	1	8	421	0	0
0.638	1	0	64	9	1	8	349	0	0
0.638	1	0	64	9	2	28	373	0	0
0.639	1	0	64	10	3	14	317	0	0
0.639	1	0	64	10	4	20	293	0	0
0.639	1	0	64	10	5	22	469	0	0
0.574	1	0	58	5	4	20	1191	0	0
0.64	1	0	65	1	1	8	349	0	0
0.64	1	0	65	1	2	28	373	0	0
0.575	1	0	58	6	3	14	775	0	0
0.641	1	0	65	2	3	14	389	0	0
0.641	1	0	65	2	4	20	389	0	0
0.641	1	0	65	2	5	22	233	0	0
0.642	1	0	65	3	1	8	349	0	0
0.642	1	0	65	3	2	28	373	0	0
0.576	1	0	58	7	1	8	421	0	0
0.643	1	0	65	4	3	14	317	0	0
0.643	1	0	65	4	4	20	389	0	0
0.643	1	0	65	4	5	22	349	0	0
0.644	1	0	65	5	1	8	349	0	0
0.644	1	0	65	5	2	28	373	0	0
0.577	1	0	58	8	1	8	421	0	0
0.645	1	0	65	6	3	14	389	0	0
0.645	1	0	65	6	4	20	293	0	0
0.645	1	0	65	6	5	22	349	0	0
0.578	1	0	58	9	3	14	775	0	0
0.646	1	0	65	7	1	8	349	0	0
0.646	1	0	65	7	2	28	373	0	0
0.647	1	0	65	8	3	14	317	0	0
0.647	1	0	65	8	4	20	389	0	0
0.647	1	0	65	8	5	22	349	0	0
0.579	1	0	58	10	4	20	1191	0	0
0.648	1	0	65	9	1	8	349	0	0
0.648	1	0	65	9	5	22	233	0	0
0.649	1	0	65	10	1	8	32	0	0
0.649	1	0	65	10	2	28	373	0	0
0.649	1	0	65	10	3	14	389	0	0
0.649	1	0	65	10	4	20	293	0	0
0.58	1	0	59	1	5	22	1383	0	0
0.65	1	0	66	1	1	8	317	0	0
0.65	1	0	66	1	5	22	349	0	0
0.651	1	0	66	2	1	8	32	0	0
0.651	1	0	66	2	2	28	373	0	0
0.651	1	0	66	2	3	14	317	0	0
0.651	1	0	66	2	4	20	389	0	0
0.581	1	0	59	2	1	8	421	0	0
0.652	1	0	66	3	1	8	317	0	0
0.652	1	0	66	3	5	22	349	0	0
0.653	1	0	66	4	2	28	373	0	0
0.653	1	0	66	4	3	14	389	0	0
0.653	1	0	66	4	4	20	389	0	0
0.582	1	0	59	3	3	14	775	0	0
0.654	1	0	66	5	1	8	317	0	0
0.654	1	0	66	5	5	22	349	0	0
0.655	1	0	66	6	1	8	67	0	0
0.583	1	0	59	4	1	8	421	0	0
0.655	1	0	66	6	2	28	373	0	0
0.655	1	0	66	6	3	14	317	0	0
0.655	1	0	66	6	4	20	293	0	0
0.656	1	0	66	7	1	8	317	0	0
0.656	1	0	66	7	5	22	349	0	0
0.584	1	0	59	5	2	28	2196	0	0
0.657	1	0	66	8	2	28	373	0	0
0.657	1	0	66	8	3	14	389	0	0
0.657	1	0	66	8	4	20	389	0	0
0.658	1	0	66	9	1	8	317	0	0
0.658	1	0	66	9	5	22	349	0	0
0.585	1	0	59	6	1	8	421	0	0
0.659	1	0	66	10	1	8	67	0	0
0.659	1	0	66	10	2	28	373	0	0
0.659	1	0	66	10	3	14	317	0	0
0.659	1	0	66	10	4	20	293	0	0
0.66	1	0	67	1	1	8	317	0	0
0.66	1	0	67	1	5	22	349	0	0
0.586	1	0	59	7	4	20	1191	0	0
0.661	1	0	67	2	2	28	373	0	0
0.661	1	0	67	2	3	14	389	0	0
0.661	1	0	67	2	4	20	389	0	0
0.662	1	0	67	3	1	8	317	0	0
0.662	1	0	67	3	5	22	349	0	0
0.587	1	0	59	8	3	14	775	0	0
0.663	1	0	67	4	1	8	137	0	0
0.663	1	0	67	4	3	14	317	0	0
0.663	1	0	67	4	4	20	293	0	0
0.664	1	0	67	5	1	8	241	0	0
0.664	1	0	67	5	2	28	373	0	0
0.664	1	0	67	5	5	22	349	0	0
0.588	1	0	59	9	1	8	421	0	0
0.665	1	0	67	6	1	8	32	0	0
0.665	1	0	67	6	2	28	185	0	0
0.665	1	0	67	6	3	14	389	0	0
0.665	1	0	67	6	4	20	389	0	0
0.589	1	0	59	10	5	22	1383	0	0
0.666	1	0	67	7	1	8	317	0	0
0.666	1	0	67	7	5	22	349	0	0
0.59	1	0	60	1	1	8	421	0	0
0.667	1	0	67	8	1	8	32	0	0
0.667	1	0	67	8	2	28	373	0	0
0.667	1	0	67	8	3	14	317	0	0
0.667	1	0	67	8	4	20	389	0	0
0.591	1	0	60	2	3	14	775	0	0
0.668	1	0	67	9	1	8	317	0	0
0.668	1	0	67	9	5	22	349	0	0
0.669	1	0	67	10	1	8	67	0	0
0.669	1	0	67	10	2	28	373	0	0
0.669	1	0	67	10	3	14	317	0	0
0.669	1	0	67	10	4	20	293	0	0
0.592	1	0	60	3	1	8	421	0	0
0.67	1	0	68	1	1	8	317	0	0
0.67	1	0	68	1	5	22	349	0	0
0.593	1	0	60	4	4	20	1191	0	0
0.671	1	0	68	2	2	28	373	0	0
0.671	1	0	68	2	3	14	389	0	0
0.671	1	0	68	2	4	20	389	0	0
0.594	1	0	60	5	1	8	421	0	0
0.672	1	0	68	3	1	8	317	0	0
0.672	1	0	68	3	5	22	349	0	0
0.595	1	0	60	6	5	22	1383	0	0
0.673	1	0	68	4	1	8	32	0	0
0.673	1	0	68	4	2	28	373	0	0
0.673	1	0	68	4	3	14	317	0	0
0.673	1	0	68	4	4	20	389	0	0
0.596	1	0	60	7	3	14	775	0	0
0.674	1	0	68	5	1	8	317	0	0
0.674	1	0	68	5	5	22	349	0	0
0.597	1	0	60	8	2	28	2196	0	0
0.675	1	0	68	6	1	8	32	0	0
0.675	1	0	68	6	2	28	373	0	0
0.675	1	0	68	6	3	14	389	0	0
0.675	1	0	68	6	4	20	293	0	0
0.598	1	0	60	9	1	8	421	0	0
0.676	1	0	68	7	1	8	317	0	0
0.676	1	0	68	7	5	22	349	0	0
0.599	1	0	60	10	1	8	421	0	0
0.677	1	0	68	8	1	8	32	0	0
0.677	1	0	68	8	2	28	373	0	0
0.677	1	0	68	8	3	14	317	0	0
0.677	1	0	68	8	4	20	389	0	0
0.6	1	0	61	1	4	20	1191	0	0
0.678	1	0	68	9	1	8	317	0	0
0.678	1	0	68	9	5	22	349	0	0
0.601	1	0	61	2	3	14	775	0	0
0.679	1	0	68	10	1	8	32	0	0
0.679	1	0	68	10	2	28	373	0	0
0.679	1	0	68	10	3	14	389	0	0
0.679	1	0	68	10	4	20	293	0	0
0.602	1	0	61	3	1	8	421	0	0
0.68	1	0	69	1	1	8	317	0	0
0.68	1	0	69	1	5	22	349	0	0
0.603	1	0	61	4	5	22	1383	0	0
0.681	1	0	69	2	1	8	32	0	0
0.681	1	0	69	2	2	28	373	0	0
0.681	1	0	69	2	3	14	317	0	0
0.681	1	0	69	2	4	20	389	0	0
0.604	1	0	61	5	1	8	421	0	0
0.682	1	0	69	3	1	8	317	0	0
0.682	1	0	69	3	5	22	349	0	0
0.605	1	0	61	6	3	14	775	0	0
0.683	1	0	69	4	1	8	67	0	0
0.683	1	0	69	4	3	14	389	0	0
0.683	1	0	69	4	4	20	389	0	0
0.606	1	0	61	7	4	20	1191	0	0
0.684	1	0	69	5	1	8	241	0	0
0.684	1	0	69	5	2	28	373	0	0
0.684	1	0	69	5	5	22	349	0	0
0.607	1	0	61	8	1	8	421	0	0
0.685	1	0	69	6	1	8	173	0	0
0.685	1	0	69	6	3	14	253	0	0
0.685	1	0	69	6	4	20	293	0	0
0.608	1	0	61	9	2	28	2196	0	0
0.686	1	0	69	7	1	8	209	0	0
0.686	1	0	69	7	2	28	373	0	0
0.686	1	0	69	7	3	14	61	0	0
0.686	1	0	69	7	5	22	349	0	0
0.609	1	0	61	10	3	14	775	0	0
0.687	1	0	69	8	1	8	101	0	0
0.687	1	0	69	8	3	14	317	0	0
0.687	1	0	69	8	4	20	389	0	0
0.61	1	0	62	1	1	8	421	0	0
0.688	1	0	69	9	1	8	241	0	0
0.688	1	0	69	9	2	28	373	0	0
0.688	1	0	69	9	5	22	349	0	0
0.611	1	0	62	2	5	22	1383	0	0
0.689	1	0	69	10	1	8	101	0	0
0.689	1	0	69	10	3	14	389	0	0
0.689	1	0	69	10	4	20	293	0	0
0.612	1	0	62	3	1	8	421	0	0
0.69	1	0	70	1	1	8	241	0	0
0.69	1	0	70	1	2	28	373	0	0
0.69	1	0	70	1	5	22	349	0	0
0.613	1	0	62	4	4	20	1191	0	0
0.691	1	0	70	2	1	8	101	0	0
0.691	1	0	70	2	3	14	317	0	0
0.691	1	0	70	2	4	20	389	0	0
0.614	1	0	62	5	3	14	775	0	0
0.692	1	0	70	3	1	8	241	0	0
0.692	1	0	70	3	2	28	373	0	0
0.692	1	0	70	3	5	22	349	0	0
0.615	1	0	62	6	1	8	421	0	0
0.693	1	0	70	4	1	8	137	0	0
0.693	1	0	70	4	3	14	317	0	0
0.693	1	0	70	4	4	20	293	0	0
0.616	1	0	62	7	1	8	421	0	0
0.694	1	0	70	5	1	8	241	0	0
0.694	1	0	70	5	2	28	373	0	0
0.694	1	0	70	5	5	22	349	0	0
0.695	1	0	70	6	1	8	67	0	0
0.617	1	0	62	8	3	14	775	0	0
0.695	1	0	70	6	3	14	389	0	0
0.695	1	0	70	6	4	20	389	0	0
0.696	1	0	70	7	1	8	277	0	0
0.696	1	0	70	7	2	28	185	0	0
0.696	1	0	70	7	5	22	349	0	0
0.618	1	0	62	9	5	22	1383	0	0
0.697	1	0	70	8	2	28	373	0	0
0.697	1	0	70	8	3	14	389	0	0
0.697	1	0	70	8	4	20	389	0	0
0.698	1	0	70	9	1	8	317	0	0
0.698	1	0	70	9	5	22	349	0	0
0.619	1	0	62	10	1	8	421	0	0
0.699	1	0	70	10	1	8	137	0	0
0.699	1	0	70	10	3	14	317	0	0
0.699	1	0	70	10	4	20	293	0	0
0.62	1	0	63	1	4	20	1191	0	0
0.621	1	0	63	2	2	28	2196	0	0
0.622	1	0	63	3	1	8	421	0	0
0.623	1	0	63	4	3	14	775	0	0
0.624	1	0	63	5	1	8	421	0	0
0.625	1	0	63	6	1	8	421	0	0
0.626	1	0	63	7	5	22	1383	0	0
0.627	1	0	63	8	3	14	775	0	0
0.628	1	0	63	9	4	20	1191	0	0
0.629	1	0	63	10	1	8	421	0	0
0.63	1	0	64	1	1	8	421	0	0
0.631	1	0	64	2	3	14	775	0	0
0.632	1	0	64	3	2	28	2196	0	0
0.633	1	0	64	4	1	8	421	0	0
0.634	1	0	64	5	4	20	1191	0	0
0.635	1	0	64	6	5	22	1383	0	0
0.636	1	0	64	7	3	14	775	0	0
0.637	1	0	64	8	1	8	421	0	0
0.638	1	0	64	9	1	8	421	0	0
0.639	1	0	64	10	3	14	775	0	0
0.64	1	0	65	1	4	20	1191	0	0
0.641	1	0	65	2	1	8	421	0	0
0.642	1	0	65	3	5	22	1383	0	0
0.643	1	0	65	4	1	8	421	0	0
0.644	1	0	65	5	2	28	2196	0	0
0.645	1	0	65	6	3	14	775	0	0
0.646	1	0	65	7	1	8	421	0	0
0.647	1	0	65	8	4	20	1191	0	0
0.648	1	0	65	9	1	8	421	0	0
0.649	1	0	65	10	3	14	775	0	0
0.65	1	0	66	1	5	22	1383	0	0
0.651	1	0	66	2	1	8	421	0	0
0.652	1	0	66	3	1	8	421	0	0
0.653	1	0	66	4	3	14	775	0	0
0.654	1	0	66	5	4	20	1191	0	0
0.655	1	0	66	6	1	8	421	0	0
0.656	1	0	66	7	2	28	2196	0	0
0.657	1	0	66	8	5	22	1383	0	0
0.658	1	0	66	9	3	14	775	0	0
0.659	1	0	66	10	1	8	421	0	0
0.66	1	0	67	1	1	8	421	0	0
0.661	1	0	67	2	4	20	1191	0	0
0.662	1	0	67	3	3	14	775	0	0
0.663	1	0	67	4	1	8	421	0	0
0.664	1	0	67	5	1	8	421	0	0
0.665	1	0	67	6	5	22	1383	0	0
0.666	1	0	67	7	3	14	775	0	0
0.667	1	0	67	8	4	20	1191	0	0
0.668	1	0	67	9	1	8	421	0	0
0.669	1	0	67	10	2	28	2196	0	0
0.67	1	0	68	1	1	8	421	0	0
0.671	1	0	68	2	3	14	775	0	0
0.672	1	0	68	3	1	8	421	0	0
0.673	1	0	68	4	5	22	1383	0	0
0.674	1	0	68	5	4	20	1191	0	0
0.675	1	0	68	6	1	8	421	0	0
0.676	1	0	68	7	3	14	775	0	0
0.677	1	0	68	8	1	8	421	0	0
0.678	1	0	68	9	1	8	421	0	0
0.679	1	0	68	10	3	14	775	0	0
0.68	1	0	69	1	2	28	2196	0	0
0.681	1	0	69	2	4	20	1191	0	0
0.682	1	0	69	3	5	22	1383	0	0
0.683	1	0	69	4	1	8	421	0	0
0.684	1	0	69	5	3	14	775	0	0
0.685	1	0	69	6	1	8	421	0	0
0.686	1	0	69	7	1	8	421	0	0
0.687	1	0	69	8	4	20	1191	0	0
0.688	1	0	69	9	3	14	775	0	0
0.689	1	0	69	10	5	22	1383	0	0
0.69	1	0	70	1	1	8	421	0	0
0.691	1	0	70	2	1	8	421	0	0
0.692	1	0	70	3	2	28	2196	0	0
0.693	1	0	70	4	3	14	775	0	0
0.694	1	0	70	5	4	20	1191	0	0
0.695	1	0	70	6	1	8	421	0	0
0.696	1	0	70	7	5	22	1383	0	0
0.697	1	0	70	8	1	8	421	0	0
0.698	1	0	70	9	3	14	775	0	0
0.699	1	0	70	10	1	8	421	0	0
